DATE,Value,Value1,AI_DI
1965-03-01,561,550,-11
1965-03-02,520,590,70
1965-03-03,528,574,46
1965-03-04,594,490,-104
1965-03-05,646,446,-200
1965-03-08,466,626,160
1965-03-09,609,501,-108
1965-03-10,554,532,-22
1965-03-11,452,614,162
1965-03-12,477,640,163
1965-03-15,535,578,43
1965-03-16,574,536,-38
1965-03-17,599,485,-114
1965-03-18,624,457,-167
1965-03-19,602,474,-128
1965-03-22,559,538,-21
1965-03-23,537,534,-3
1965-03-24,471,579,108
1965-03-25,597,482,-115
1965-03-26,828,278,-550
1965-03-29,737,360,-377
1965-03-30,482,574,92
1965-03-31,473,602,129
1965-04-01,507,551,44
1965-04-02,421,684,263
1965-04-05,530,575,45
1965-04-06,591,499,-92
1965-04-07,488,557,69
1965-04-08,353,751,398
1965-04-09,378,742,364
1965-04-12,413,741,328
1965-04-13,539,605,66
1965-04-14,497,605,108
1965-04-15,516,570,54
1965-04-19,482,621,139
1965-04-20,553,580,27
1965-04-21,670,447,-223
1965-04-22,464,667,203
1965-04-23,497,600,103
1965-04-26,550,546,-4
1965-04-27,514,620,106
1965-04-28,593,475,-118
1965-04-29,566,537,-29
1965-04-30,574,504,-70
1965-05-03,619,501,-118
1965-05-04,485,606,121
1965-05-05,488,641,153
1965-05-06,509,583,74
1965-05-07,585,524,-61
1965-05-10,595,553,-42
1965-05-11,664,457,-207
1965-05-12,486,649,163
1965-05-13,474,615,141
1965-05-14,572,543,-29
1965-05-17,698,432,-266
1965-05-18,566,523,-43
1965-05-19,486,613,127
1965-05-20,787,337,-450
1965-05-21,702,390,-312
1965-05-24,867,303,-564
1965-05-25,446,680,234
1965-05-26,702,379,-323
1965-05-27,891,277,-614
1965-05-28,382,692,310
1965-06-01,798,345,-453
1965-06-02,1000,196,-804
1965-06-03,665,428,-237
1965-06-04,528,588,60
1965-06-07,799,337,-462
1965-06-08,938,215,-723
1965-06-09,911,257,-654
1965-06-10,823,351,-472
1965-06-11,428,692,264
1965-06-14,1036,161,-875
1965-06-15,559,597,38
1965-06-16,272,908,636
1965-06-17,332,745,413
1965-06-18,726,355,-371
1965-06-21,744,318,-426
1965-06-22,480,569,89
1965-06-23,771,279,-492
1965-06-24,1088,116,-972
1965-06-25,868,271,-597
1965-06-28,1167,104,-1063
1965-06-29,563,616,53
1965-06-30,101,1168,1067
1965-07-01,356,779,423
1965-07-02,274,860,586
1965-07-06,540,546,6
1965-07-07,686,395,-291
1965-07-08,332,741,409
1965-07-09,350,754,404
1965-07-12,517,578,61
1965-07-13,628,433,-195
1965-07-14,427,629,202
1965-07-15,492,591,99
1965-07-16,542,501,-41
1965-07-19,583,472,-111
1965-07-20,937,226,-711
1965-07-21,747,325,-422
1965-07-22,570,454,-116
1965-07-23,461,609,148
1965-07-26,544,543,-1
1965-07-27,620,459,-161
1965-07-28,503,563,60
1965-07-29,309,816,507
1965-07-30,315,802,487
1965-08-02,453,650,197
1965-08-03,506,570,64
1965-08-04,364,767,403
1965-08-05,492,575,83
1965-08-06,410,627,217
1965-08-09,541,550,9
1965-08-10,473,567,94
1965-08-11,422,684,262
1965-08-12,386,666,280
1965-08-13,419,699,280
1965-08-16,495,622,127
1965-08-17,500,556,56
1965-08-18,514,579,65
1965-08-19,689,402,-287
1965-08-20,562,486,-76
1965-08-23,552,498,-54
1965-08-24,473,611,138
1965-08-25,539,575,36
1965-08-26,474,646,172
1965-08-27,456,664,208
1965-08-30,469,597,128
1965-08-31,520,563,43
1965-09-01,502,571,69
1965-09-02,360,767,407
1965-09-03,363,745,382
1965-09-07,481,659,178
1965-09-08,538,589,51
1965-09-09,484,651,167
1965-09-10,523,605,82
1965-09-13,486,645,159
1965-09-14,770,407,-363
1965-09-15,486,668,182
1965-09-16,443,706,263
1965-09-17,606,522,-84
1965-09-20,547,597,50
1965-09-21,628,517,-111
1965-09-22,454,698,244
1965-09-23,779,362,-417
1965-09-24,473,626,153
1965-09-27,516,641,125
1965-09-28,640,511,-129
1965-09-29,748,383,-365
1965-09-30,627,505,-122
1965-10-01,550,532,-18
1965-10-04,454,673,219
1965-10-05,409,723,314
1965-10-06,625,471,-154
1965-10-07,503,656,153
1965-10-08,358,776,418
1965-10-11,418,756,338
1965-10-12,585,581,-4
1965-10-13,578,571,-7
1965-10-14,590,554,-36
1965-10-15,491,626,135
1965-10-18,502,658,156
1965-10-19,636,555,-81
1965-10-20,632,554,-78
1965-10-21,531,630,99
1965-10-22,615,532,-83
1965-10-25,738,395,-343
1965-10-26,432,684,252
1965-10-27,476,649,173
1965-10-28,649,493,-156
1965-10-29,479,658,179
1965-11-01,636,516,-120
1965-11-03,567,606,39
1965-11-04,623,621,-2
1965-11-05,571,575,4
1965-11-08,755,397,-358
1965-11-09,616,516,-100
1965-11-10,585,502,-83
1965-11-11,480,587,107
1965-11-12,457,684,227
1965-11-15,513,640,127
1965-11-16,593,565,-28
1965-11-17,652,504,-148
1965-11-18,610,504,-106
1965-11-19,541,599,58
1965-11-22,728,412,-316
1965-11-23,533,621,88
1965-11-24,490,654,164
1965-11-26,465,699,234
1965-11-29,562,634,72
1965-11-30,646,522,-124
1965-12-01,563,617,54
1965-12-02,672,500,-172
1965-12-03,599,554,-45
1965-12-06,1011,240,-771
1965-12-07,336,869,533
1965-12-08,522,626,104
1965-12-09,537,637,100
1965-12-10,518,656,138
1965-12-13,549,644,95
1965-12-14,606,620,14
1965-12-15,577,620,43
1965-12-16,544,672,128
1965-12-17,536,627,91
1965-12-20,799,391,-408
1965-12-21,530,664,134
1965-12-22,704,501,-203
1965-12-23,668,497,-171
1965-12-27,798,380,-418
1965-12-28,686,497,-189
1965-12-29,471,717,246
1965-12-30,446,714,268
1965-12-31,479,697,218
1966-01-03,547,630,83
1966-01-04,608,639,31
1966-01-05,440,740,300
1966-01-06,531,649,118
1966-01-07,540,612,72
1966-01-10,506,699,193
1966-01-11,536,632,96
1966-01-12,592,579,-13
1966-01-13,487,699,212
1966-01-14,536,663,127
1966-01-17,469,738,269
1966-01-18,567,632,65
1966-01-19,706,492,-214
1966-01-20,701,500,-201
1966-01-21,624,542,-82
1966-01-24,503,697,194
1966-01-25,535,651,116
1966-01-26,609,591,-18
1966-01-27,596,577,-19
1966-01-28,668,504,-164
1966-01-31,739,425,-314
1966-02-01,1022,222,-800
1966-02-02,524,671,147
1966-02-03,510,642,132
1966-02-04,485,707,222
1966-02-07,470,712,242
1966-02-08,710,491,-219
1966-02-09,408,805,397
1966-02-10,638,569,-69
1966-02-11,553,650,97
1966-02-14,639,585,-54
1966-02-15,741,451,-290
1966-02-16,667,545,-122
1966-02-17,786,399,-387
1966-02-18,687,498,-189
1966-02-21,785,426,-359
1966-02-23,807,402,-405
1966-02-24,747,392,-355
1966-02-25,480,686,206
1966-02-28,545,673,128
1966-03-01,986,250,-736
1966-03-02,986,268,-718
1966-03-03,545,648,103
1966-03-04,671,502,-169
1966-03-07,1013,230,-783
1966-03-08,753,446,-307
1966-03-09,307,880,573
1966-03-10,640,542,-98
1966-03-11,606,543,-63
1966-03-14,997,223,-774
1966-03-15,1017,240,-777
1966-03-16,445,715,270
1966-03-17,453,677,224
1966-03-18,367,772,405
1966-03-21,342,836,494
1966-03-22,466,727,261
1966-03-23,695,465,-230
1966-03-24,595,545,-50
1966-03-25,497,644,147
1966-03-28,517,699,182
1966-03-29,755,402,-353
1966-03-30,938,254,-684
1966-03-31,486,650,164
1966-04-01,410,760,350
1966-04-04,381,829,448
1966-04-05,417,794,377
1966-04-06,542,640,98
1966-04-07,481,703,222
1966-04-11,593,631,38
1966-04-12,646,549,-97
1966-04-13,629,545,-84
1966-04-14,580,585,5
1966-04-15,600,610,10
1966-04-18,694,487,-207
1966-04-19,583,586,3
1966-04-20,469,720,251
1966-04-21,549,649,100
1966-04-22,684,489,-195
1966-04-25,625,551,-74
1966-04-26,646,538,-108
1966-04-27,781,396,-385
1966-04-28,896,315,-581
1966-04-29,560,571,11
1966-05-02,669,519,-150
1966-05-03,1014,228,-786
1966-05-04,858,357,-501
1966-05-05,1083,180,-903
1966-05-06,872,377,-495
1966-05-09,991,273,-718
1966-05-10,410,778,368
1966-05-11,515,639,124
1966-05-12,1062,190,-872
1966-05-13,982,237,-745
1966-05-16,1071,194,-877
1966-05-17,1000,230,-770
1966-05-18,273,946,673
1966-05-19,607,579,-28
1966-05-20,566,618,52
1966-05-23,360,826,466
1966-05-24,318,889,571
1966-05-25,477,647,170
1966-05-26,552,584,32
1966-05-27,448,629,181
1966-05-31,879,286,-593
1966-06-01,645,490,-155
1966-06-02,509,565,56
1966-06-03,494,585,91
1966-06-06,819,329,-490
1966-06-07,832,271,-561
1966-06-08,480,622,142
1966-06-09,396,729,333
1966-06-10,301,871,570
1966-06-13,454,715,261
1966-06-14,534,608,74
1966-06-15,559,529,-30
1966-06-16,618,511,-107
1966-06-17,594,513,-81
1966-06-20,614,523,-91
1966-06-21,478,675,197
1966-06-22,513,635,122
1966-06-23,680,459,-221
1966-06-24,663,476,-187
1966-06-27,774,384,-390
1966-06-28,773,382,-391
1966-06-29,919,238,-681
1966-06-30,775,373,-402
1966-07-01,313,826,513
1966-07-05,542,571,29
1966-07-06,320,864,544
1966-07-07,459,699,240
1966-07-08,528,617,89
1966-07-11,553,592,39
1966-07-12,741,426,-315
1966-07-13,791,335,-456
1966-07-14,474,638,164
1966-07-15,488,649,161
1966-07-18,666,478,-188
1966-07-19,849,302,-547
1966-07-20,838,316,-522
1966-07-21,709,439,-270
1966-07-22,611,518,-93
1966-07-25,1089,165,-924
1966-07-26,818,348,-470
1966-07-27,408,740,332
1966-07-28,689,419,-270
1966-07-29,615,446,-169
1966-08-01,1080,164,-916
1966-08-02,655,481,-174
1966-08-03,326,829,503
1966-08-04,393,760,367
1966-08-05,498,604,106
1966-08-08,685,436,-249
1966-08-09,556,561,5
1966-08-10,761,337,-424
1966-08-11,611,480,-131
1966-08-12,501,600,99
1966-08-15,696,407,-289
1966-08-16,997,211,-786
1966-08-17,883,278,-605
1966-08-18,1048,181,-867
1966-08-19,873,292,-581
1966-08-22,1147,130,-1017
1966-08-23,657,524,-133
1966-08-24,342,845,503
1966-08-25,889,310,-579
1966-08-26,1186,100,-1086
1966-08-29,1240,103,-1137
1966-08-30,498,710,212
1966-08-31,281,988,707
1966-09-01,502,664,162
1966-09-02,619,516,-103
1966-09-06,677,448,-229
1966-09-07,907,257,-650
1966-09-08,706,468,-238
1966-09-09,469,657,188
1966-09-12,202,1030,828
1966-09-13,379,847,468
1966-09-14,467,691,224
1966-09-15,440,724,284
1966-09-16,538,602,64
1966-09-19,677,460,-217
1966-09-20,724,400,-324
1966-09-21,995,170,-825
1966-09-22,595,531,-64
1966-09-23,626,455,-171
1966-09-26,572,555,-17
1966-09-27,508,646,138
1966-09-28,833,296,-537
1966-09-29,964,223,-741
1966-09-30,543,569,26
1966-10-03,1003,198,-805
1966-10-04,776,397,-379
1966-10-05,763,381,-382
1966-10-06,961,243,-718
1966-10-07,918,280,-638
1966-10-10,453,725,272
1966-10-11,399,792,393
1966-10-12,261,916,655
1966-10-13,471,735,264
1966-10-14,569,571,2
1966-10-17,388,775,387
1966-10-18,283,908,625
1966-10-19,671,502,-169
1966-10-20,624,508,-116
1966-10-21,606,529,-77
1966-10-24,571,604,33
1966-10-25,549,596,47
1966-10-26,310,890,580
1966-10-27,410,809,399
1966-10-28,489,702,213
1966-10-31,568,583,15
1966-11-01,371,781,410
1966-11-02,535,635,100
1966-11-03,664,467,-197
1966-11-04,530,615,85
1966-11-07,537,620,83
1966-11-09,435,756,321
1966-11-10,430,772,342
1966-11-11,510,604,94
1966-11-14,698,460,-238
1966-11-15,511,648,137
1966-11-16,347,883,536
1966-11-17,729,445,-284
1966-11-18,763,413,-350
1966-11-21,1026,212,-814
1966-11-22,774,387,-387
1966-11-23,388,757,369
1966-11-25,371,781,410
1966-11-28,625,572,-53
1966-11-29,650,491,-159
1966-11-30,617,535,-82
1966-12-01,639,548,-91
1966-12-02,613,527,-86
1966-12-05,621,543,-78
1966-12-06,477,714,237
1966-12-07,439,750,311
1966-12-08,485,708,223
1966-12-09,505,668,163
1966-12-12,415,815,400
1966-12-13,626,594,-32
1966-12-14,536,635,99
1966-12-15,804,391,-413
1966-12-16,599,548,-51
1966-12-19,649,539,-110
1966-12-20,722,448,-274
1966-12-21,433,747,314
1966-12-22,427,745,318
1966-12-23,594,578,-16
1966-12-27,708,488,-220
1966-12-28,789,406,-383
1966-12-29,815,416,-399
1966-12-30,705,533,-172
1967-01-03,434,789,355
1967-01-04,510,627,117
1967-01-05,208,1070,862
1967-01-06,321,920,599
1967-01-09,314,946,632
1967-01-10,571,662,91
1967-01-11,342,938,596
1967-01-12,378,859,481
1967-01-13,423,834,411
1967-01-16,566,673,107
1967-01-17,355,917,562
1967-01-18,518,728,210
1967-01-19,553,665,112
1967-01-20,401,813,412
1967-01-23,503,737,234
1967-01-24,608,632,24
1967-01-25,756,457,-299
1967-01-26,550,655,105
1967-01-27,442,745,303
1967-01-30,401,858,457
1967-01-31,596,637,41
1967-02-01,630,547,-83
1967-02-02,539,687,148
1967-02-03,369,832,463
1967-02-06,595,627,32
1967-02-07,640,496,-144
1967-02-08,386,832,446
1967-02-09,702,505,-197
1967-02-10,513,668,155
1967-02-13,496,664,168
1967-02-14,441,765,324
1967-02-15,663,573,-90
1967-02-16,737,475,-262
1967-02-17,684,521,-163
1967-02-20,791,414,-377
1967-02-21,574,624,50
1967-02-23,616,605,-11
1967-02-24,548,636,88
1967-02-27,1005,245,-760
1967-02-28,588,618,30
1967-03-01,361,851,490
1967-03-02,501,709,208
1967-03-03,595,632,37
1967-03-06,625,567,-58
1967-03-07,537,637,100
1967-03-08,589,618,29
1967-03-09,558,662,104
1967-03-10,462,774,312
1967-03-13,779,454,-325
1967-03-14,670,523,-147
1967-03-15,461,753,292
1967-03-16,434,794,360
1967-03-17,567,634,67
1967-03-20,594,600,6
1967-03-21,667,548,-119
1967-03-22,539,646,107
1967-03-23,422,794,372
1967-03-27,608,625,17
1967-03-28,548,662,114
1967-03-29,592,587,-5
1967-03-30,570,611,41
1967-03-31,708,463,-245
1967-04-03,927,301,-626
1967-04-04,612,604,-8
1967-04-05,447,769,322
1967-04-06,534,636,102
1967-04-07,747,452,-295
1967-04-10,980,225,-755
1967-04-11,400,787,387
1967-04-12,555,611,56
1967-04-13,446,711,265
1967-04-14,393,797,404
1967-04-17,480,734,254
1967-04-18,420,812,392
1967-04-19,612,636,24
1967-04-20,531,671,140
1967-04-21,550,648,98
1967-04-24,602,629,27
1967-04-25,568,663,95
1967-04-26,615,596,-19
1967-04-27,465,764,299
1967-04-28,562,658,96
1967-05-01,580,640,60
1967-05-02,574,686,112
1967-05-03,547,676,129
1967-05-04,556,675,119
1967-05-05,589,649,60
1967-05-08,586,675,89
1967-05-09,889,375,-514
1967-05-10,648,593,-55
1967-05-11,445,755,310
1967-05-12,620,554,-66
1967-05-15,824,397,-427
1967-05-16,477,734,257
1967-05-17,632,559,-73
1967-05-18,636,543,-93
1967-05-19,752,438,-314
1967-05-22,718,478,-240
1967-05-23,768,477,-291
1967-05-24,1048,225,-823
1967-05-25,418,785,367
1967-05-26,641,536,-105
1967-05-29,738,426,-312
1967-05-31,1145,138,-1007
1967-06-01,391,832,441
1967-06-02,653,536,-117
1967-06-05,1211,112,-1099
1967-06-06,205,1071,866
1967-06-07,318,914,596
1967-06-08,431,752,321
1967-06-09,457,758,301
1967-06-12,417,795,378
1967-06-13,512,735,223
1967-06-14,653,565,-88
1967-06-15,567,660,93
1967-06-16,620,580,-40
1967-06-19,610,587,-23
1967-06-20,608,609,1
1967-06-21,705,518,-187
1967-06-22,688,497,-191
1967-06-23,534,647,113
1967-06-26,718,500,-218
1967-06-27,692,495,-197
1967-06-28,576,661,85
1967-06-29,787,446,-341
1967-06-30,574,603,29
1967-07-03,450,709,259
1967-07-05,445,786,341
1967-07-06,602,613,11
1967-07-07,446,785,339
1967-07-10,433,857,424
1967-07-11,582,668,86
1967-07-12,623,601,-22
1967-07-13,564,676,112
1967-07-14,481,747,266
1967-07-17,622,621,-1
1967-07-18,475,802,327
1967-07-19,609,645,36
1967-07-20,635,594,-41
1967-07-21,663,556,-107
1967-07-24,772,486,-286
1967-07-25,553,647,94
1967-07-26,508,721,213
1967-07-27,513,728,215
1967-07-28,519,703,184
1967-07-31,547,679,132
1967-08-01,499,748,249
1967-08-02,518,736,218
1967-08-03,754,494,-260
1967-08-04,488,724,236
1967-08-07,645,595,-50
1967-08-08,625,567,-58
1967-08-09,562,656,94
1967-08-10,715,525,-190
1967-08-11,780,404,-376
1967-08-14,843,394,-449
1967-08-15,605,613,8
1967-08-16,739,490,-249
1967-08-17,588,640,52
1967-08-18,579,613,34
1967-08-21,757,480,-277
1967-08-22,794,427,-367
1967-08-23,711,504,-207
1967-08-24,744,466,-278
1967-08-25,829,382,-447
1967-08-28,603,614,11
1967-08-29,521,673,152
1967-08-30,464,772,308
1967-08-31,416,806,390
1967-09-01,475,747,272
1967-09-05,512,715,203
1967-09-06,528,701,173
1967-09-07,633,557,-76
1967-09-08,602,596,-6
1967-09-11,608,604,-4
1967-09-12,513,716,203
1967-09-13,436,813,377
1967-09-14,619,625,6
1967-09-15,651,614,-37
1967-09-18,566,682,116
1967-09-19,786,465,-321
1967-09-20,605,650,45
1967-09-21,598,648,50
1967-09-22,544,701,157
1967-09-25,581,659,78
1967-09-26,869,395,-474
1967-09-27,637,599,-38
1967-09-28,649,562,-87
1967-09-29,611,612,1
1967-10-02,751,498,-253
1967-10-03,591,673,82
1967-10-04,626,615,-11
1967-10-05,567,628,61
1967-10-06,532,702,170
1967-10-09,607,662,55
1967-10-10,886,389,-497
1967-10-11,854,399,-455
1967-10-12,851,376,-475
1967-10-13,603,616,13
1967-10-16,943,348,-595
1967-10-17,767,481,-286
1967-10-18,626,614,-12
1967-10-19,685,578,-107
1967-10-20,801,435,-366
1967-10-23,880,380,-500
1967-10-24,820,436,-384
1967-10-25,713,538,-175
1967-10-26,541,701,160
1967-10-27,671,584,-87
1967-10-30,757,497,-260
1967-10-31,914,354,-560
1967-11-01,952,298,-654
1967-11-02,840,399,-441
1967-11-03,733,500,-233
1967-11-06,780,468,-312
1967-11-08,677,597,-80
1967-11-09,635,639,4
1967-11-10,499,771,272
1967-11-13,758,504,-254
1967-11-14,942,337,-605
1967-11-15,647,617,-30
1967-11-16,385,876,491
1967-11-17,485,769,284
1967-11-20,1172,193,-979
1967-11-21,265,1049,784
1967-11-22,446,841,395
1967-11-24,651,586,-65
1967-11-27,554,719,165
1967-11-28,484,801,317
1967-11-29,582,696,114
1967-11-30,824,453,-371
1967-12-01,528,726,198
1967-12-04,500,813,313
1967-12-05,654,638,-16
1967-12-06,606,686,80
1967-12-07,663,629,-34
1967-12-08,662,587,-75
1967-12-11,702,578,-124
1967-12-12,685,578,-107
1967-12-13,563,719,156
1967-12-14,604,674,70
1967-12-15,780,509,-271
1967-12-18,735,530,-205
1967-12-19,685,589,-96
1967-12-20,545,703,158
1967-12-21,561,734,173
1967-12-22,624,651,27
1967-12-26,551,718,167
1967-12-27,443,866,423
1967-12-28,638,654,16
1967-12-29,532,822,290
1968-01-02,598,729,131
1968-01-03,728,606,-122
1968-01-04,719,600,-119
1968-01-05,432,867,435
1968-01-08,406,944,538
1968-01-09,630,692,62
1968-01-10,562,713,151
1968-01-11,483,832,349
1968-01-12,527,782,255
1968-01-15,599,694,95
1968-01-16,773,539,-234
1968-01-17,673,613,-60
1968-01-18,579,708,129
1968-01-19,752,522,-230
1968-01-22,1072,274,-798
1968-01-23,860,403,-457
1968-01-24,775,498,-277
1968-01-25,762,493,-269
1968-01-26,494,755,261
1968-01-29,698,587,-111
1968-01-30,873,401,-472
1968-01-31,903,339,-564
1968-02-01,612,602,-10
1968-02-02,671,583,-88
1968-02-05,771,490,-281
1968-02-06,626,593,-33
1968-02-07,572,637,65
1968-02-08,1071,221,-850
1968-02-09,1020,257,-763
1968-02-13,1013,306,-707
1968-02-14,480,788,308
1968-02-15,480,803,323
1968-02-16,734,492,-242
1968-02-19,520,689,169
1968-02-20,434,822,388
1968-02-21,471,778,307
1968-02-23,757,480,-277
1968-02-26,878,376,-502
1968-02-27,572,639,67
1968-02-28,738,512,-226
1968-02-29,932,327,-605
1968-03-01,825,397,-428
1968-03-04,1033,282,-751
1968-03-05,914,384,-530
1968-03-06,301,959,658
1968-03-07,601,648,47
1968-03-08,659,532,-127
1968-03-11,315,950,635
1968-03-12,508,696,188
1968-03-13,608,601,-7
1968-03-14,1245,126,-1119
1968-03-15,589,683,94
1968-03-18,410,877,467
1968-03-19,803,418,-385
1968-03-20,720,481,-239
1968-03-21,858,353,-505
1968-03-22,737,487,-250
1968-03-25,716,506,-210
1968-03-26,456,759,303
1968-03-27,365,854,489
1968-03-28,604,620,16
1968-03-29,477,771,294
1968-04-01,273,1068,795
1968-04-02,564,709,145
1968-04-03,452,887,435
1968-04-04,517,787,270
1968-04-05,721,562,-159
1968-04-08,273,1063,790
1968-04-10,497,869,372
1968-04-11,419,903,484
1968-04-15,556,748,192
1968-04-16,522,790,268
1968-04-17,495,828,333
1968-04-18,511,791,280
1968-04-19,1065,289,-776
1968-04-22,849,446,-403
1968-04-23,402,904,502
1968-04-24,527,768,241
1968-04-25,539,761,222
1968-04-26,573,729,156
1968-04-29,574,732,158
1968-04-30,608,718,110
1968-05-01,594,740,146
1968-05-02,495,817,322
1968-05-03,621,687,66
1968-05-06,690,598,-92
1968-05-07,480,830,350
1968-05-08,595,703,108
1968-05-09,861,453,-408
1968-05-10,477,818,341
1968-05-13,652,663,11
1968-05-14,688,620,-68
1968-05-15,638,638,0
1968-05-16,797,518,-279
1968-05-17,797,487,-310
1968-05-20,865,452,-413
1968-05-21,512,762,250
1968-05-22,484,820,336
1968-05-23,664,633,-31
1968-05-24,521,755,234
1968-05-27,665,662,-3
1968-05-28,576,753,177
1968-05-29,559,756,197
1968-05-31,425,861,436
1968-06-03,443,913,470
1968-06-04,484,845,361
1968-06-05,779,558,-221
1968-06-06,405,943,538
1968-06-07,451,872,421
1968-06-10,678,685,7
1968-06-11,627,729,102
1968-06-13,796,603,-193
1968-06-14,766,548,-218
1968-06-17,987,389,-598
1968-06-18,708,621,-87
1968-06-20,585,771,186
1968-06-21,575,762,187
1968-06-24,777,603,-174
1968-06-25,860,482,-378
1968-06-27,786,591,-195
1968-06-28,663,627,-36
1968-07-01,740,573,-167
1968-07-02,538,762,224
1968-07-03,332,991,659
1968-07-08,423,986,563
1968-07-09,591,748,157
1968-07-11,700,685,-15
1968-07-12,662,676,14
1968-07-15,731,614,-117
1968-07-16,806,523,-283
1968-07-18,816,571,-245
1968-07-19,939,407,-532
1968-07-22,1105,264,-841
1968-07-23,858,469,-389
1968-07-25,976,427,-549
1968-07-26,685,648,-37
1968-07-29,988,378,-610
1968-07-30,636,659,23
1968-08-01,804,556,-248
1968-08-02,842,496,-346
1968-08-05,496,837,341
1968-08-06,502,823,321
1968-08-08,690,636,-54
1968-08-09,654,632,-22
1968-08-12,421,925,504
1968-08-13,532,776,244
1968-08-15,707,636,-71
1968-08-16,472,792,320
1968-08-19,491,779,288
1968-08-20,648,648,0
1968-08-22,796,533,-263
1968-08-23,604,680,76
1968-08-26,557,691,134
1968-08-27,684,582,-102
1968-08-29,745,601,-144
1968-08-30,560,701,141
1968-09-03,555,698,143
1968-09-04,488,792,304
1968-09-05,477,839,362
1968-09-06,533,812,279
1968-09-09,539,769,230
1968-09-10,794,507,-287
1968-09-12,741,610,-131
1968-09-13,569,741,172
1968-09-16,595,729,134
1968-09-17,586,730,144
1968-09-19,568,786,218
1968-09-20,628,710,82
1968-09-23,532,775,243
1968-09-24,590,762,172
1968-09-26,685,727,42
1968-09-27,600,733,133
1968-09-30,563,811,248
1968-10-01,576,769,193
1968-10-03,617,807,190
1968-10-04,685,656,-29
1968-10-07,692,640,-52
1968-10-08,770,570,-200
1968-10-10,807,584,-223
1968-10-11,670,695,25
1968-10-14,606,731,125
1968-10-15,601,726,125
1968-10-17,566,849,283
1968-10-18,565,811,246
1968-10-21,612,746,134
1968-10-22,745,581,-164
1968-10-24,832,584,-248
1968-10-25,604,741,137
1968-10-28,832,522,-310
1968-10-29,899,482,-417
1968-10-31,705,699,-6
1968-11-01,778,552,-226
1968-11-04,712,614,-98
1968-11-06,627,729,102
1968-11-07,671,678,7
1968-11-08,466,889,423
1968-11-12,471,956,485
1968-11-13,517,895,378
1968-11-14,632,754,122
1968-11-15,565,805,240
1968-11-18,634,721,87
1968-11-19,570,772,202
1968-11-21,749,686,-63
1968-11-22,531,825,294
1968-11-25,583,800,217
1968-11-26,514,905,391
1968-11-27,586,776,190
1968-11-29,468,883,415
1968-12-02,705,677,-28
1968-12-03,771,632,-139
1968-12-05,819,623,-196
1968-12-06,654,744,90
1968-12-09,688,703,15
1968-12-10,747,643,-104
1968-12-12,730,693,-37
1968-12-13,624,763,139
1968-12-16,785,596,-189
1968-12-17,910,473,-437
1968-12-19,808,631,-177
1968-12-20,776,611,-165
1968-12-23,1024,376,-648
1968-12-24,771,603,-168
1968-12-26,659,659,0
1968-12-27,768,564,-204
1968-12-30,1095,327,-768
1968-12-31,627,738,111
1969-01-02,603,740,137
1969-01-03,688,672,-16
1969-01-06,1116,283,-833
1969-01-07,1235,223,-1012
1969-01-08,940,433,-507
1969-01-09,515,813,298
1969-01-10,746,601,-145
1969-01-13,1011,372,-639
1969-01-14,499,836,337
1969-01-15,426,925,499
1969-01-16,417,936,519
1969-01-17,667,663,-4
1969-01-20,663,670,7
1969-01-21,716,617,-99
1969-01-22,528,751,223
1969-01-23,465,886,421
1969-01-24,654,656,2
1969-01-27,641,667,26
1969-01-28,714,665,-49
1969-01-29,684,650,-34
1969-01-30,698,641,-57
1969-01-31,628,686,58
1969-02-03,693,669,-24
1969-02-04,688,659,-29
1969-02-05,690,617,-73
1969-02-06,648,674,26
1969-02-07,619,705,86
1969-02-11,657,701,44
1969-02-12,744,593,-151
1969-02-13,723,605,-118
1969-02-14,750,586,-164
1969-02-17,1071,324,-747
1969-02-18,1218,210,-1008
1969-02-19,981,367,-614
1969-02-20,1046,312,-734
1969-02-24,1173,274,-899
1969-02-25,1009,369,-640
1969-02-26,648,685,37
1969-02-27,880,486,-394
1969-02-28,695,628,-67
1969-03-03,693,623,-70
1969-03-04,381,949,568
1969-03-05,541,767,226
1969-03-06,1091,262,-829
1969-03-07,930,450,-480
1969-03-10,594,722,128
1969-03-11,472,844,372
1969-03-12,778,526,-252
1969-03-13,948,361,-587
1969-03-14,892,431,-461
1969-03-17,742,556,-186
1969-03-18,522,779,257
1969-03-19,461,820,359
1969-03-20,476,844,368
1969-03-21,686,627,-59
1969-03-24,699,610,-89
1969-03-25,693,601,-92
1969-03-26,546,785,239
1969-03-27,488,849,361
1969-03-28,518,804,286
1969-04-01,720,638,-82
1969-04-02,936,383,-553
1969-04-03,708,576,-132
1969-04-07,1069,308,-761
1969-04-08,614,704,90
1969-04-09,479,842,363
1969-04-10,541,779,238
1969-04-11,623,694,71
1969-04-14,701,608,-93
1969-04-15,750,538,-212
1969-04-16,910,408,-502
1969-04-17,624,676,52
1969-04-18,572,718,146
1969-04-21,952,379,-573
1969-04-22,738,558,-180
1969-04-23,551,743,192
1969-04-24,594,713,119
1969-04-25,532,757,225
1969-04-28,646,694,48
1969-04-29,482,890,408
1969-04-30,419,942,523
1969-05-01,642,716,74
1969-05-02,559,770,211
1969-05-05,544,809,265
1969-05-06,579,753,174
1969-05-07,779,587,-192
1969-05-08,592,737,145
1969-05-09,684,668,-16
1969-05-12,781,571,-210
1969-05-13,604,739,135
1969-05-14,539,787,248
1969-05-15,771,564,-207
1969-05-16,695,633,-62
1969-05-19,824,441,-383
1969-05-20,983,386,-597
1969-05-21,580,733,153
1969-05-22,661,668,7
1969-05-23,686,623,-63
1969-05-26,752,563,-189
1969-05-27,942,378,-564
1969-05-28,863,472,-391
1969-05-29,649,671,22
1969-06-02,908,412,-496
1969-06-03,848,477,-371
1969-06-04,733,597,-136
1969-06-05,700,612,-88
1969-06-06,904,429,-475
1969-06-09,1072,298,-774
1969-06-10,970,374,-596
1969-06-11,1112,278,-834
1969-06-12,1187,251,-936
1969-06-13,708,628,-80
1969-06-16,819,532,-287
1969-06-17,1024,324,-700
1969-06-18,697,604,-93
1969-06-19,1066,300,-766
1969-06-20,973,395,-578
1969-06-23,1078,314,-764
1969-06-24,448,898,450
1969-06-25,761,563,-198
1969-06-26,772,523,-249
1969-06-27,575,692,117
1969-06-30,512,740,228
1969-07-01,518,793,275
1969-07-02,422,907,485
1969-07-03,433,904,471
1969-07-07,788,549,-239
1969-07-08,1093,275,-818
1969-07-09,977,344,-633
1969-07-10,1127,224,-903
1969-07-11,651,641,-10
1969-07-14,1018,331,-687
1969-07-15,940,405,-535
1969-07-16,416,899,483
1969-07-17,502,784,282
1969-07-18,885,427,-458
1969-07-22,1042,338,-704
1969-07-23,966,386,-580
1969-07-24,784,493,-291
1969-07-25,1018,314,-704
1969-07-28,1289,134,-1155
1969-07-29,948,381,-567
1969-07-30,659,691,32
1969-07-31,268,1159,891
1969-08-01,248,1183,935
1969-08-04,756,581,-175
1969-08-05,634,657,23
1969-08-06,443,861,418
1969-08-07,618,659,41
1969-08-08,632,626,-6
1969-08-11,840,461,-379
1969-08-12,907,375,-532
1969-08-13,758,509,-249
1969-08-14,453,830,377
1969-08-15,439,847,408
1969-08-18,425,893,468
1969-08-19,476,881,405
1969-08-20,707,590,-117
1969-08-21,601,657,56
1969-08-22,511,733,222
1969-08-25,835,466,-369
1969-08-26,955,335,-620
1969-08-27,571,700,129
1969-08-28,556,663,107
1969-08-29,385,883,498
1969-09-02,623,652,29
1969-09-03,922,405,-517
1969-09-04,931,343,-588
1969-09-05,887,411,-476
1969-09-08,1011,270,-741
1969-09-09,597,704,107
1969-09-10,367,997,630
1969-09-11,680,604,-76
1969-09-12,687,569,-118
1969-09-15,499,815,316
1969-09-16,588,728,140
1969-09-17,720,595,-125
1969-09-18,595,713,118
1969-09-19,575,741,166
1969-09-22,551,714,163
1969-09-23,654,700,46
1969-09-24,754,542,-212
1969-09-25,853,445,-408
1969-09-26,845,421,-424
1969-09-29,957,391,-566
1969-09-30,780,504,-276
1969-10-01,823,410,-413
1969-10-02,537,787,250
1969-10-03,632,691,59
1969-10-06,667,653,-14
1969-10-07,710,597,-113
1969-10-08,880,446,-434
1969-10-09,653,637,-16
1969-10-10,443,889,446
1969-10-13,320,1046,726
1969-10-14,321,1132,811
1969-10-15,583,826,243
1969-10-16,423,958,535
1969-10-17,658,691,33
1969-10-20,583,804,221
1969-10-21,474,941,467
1969-10-22,506,891,385
1969-10-23,787,569,-218
1969-10-24,508,848,340
1969-10-27,639,740,101
1969-10-28,780,595,-185
1969-10-29,936,449,-487
1969-10-30,704,650,-54
1969-10-31,549,814,265
1969-11-03,704,649,-55
1969-11-04,674,649,-25
1969-11-05,558,773,215
1969-11-06,680,654,-26
1969-11-07,533,836,303
1969-11-10,681,655,-26
1969-11-11,842,463,-379
1969-11-12,752,572,-180
1969-11-13,936,420,-516
1969-11-14,902,447,-455
1969-11-17,1003,356,-647
1969-11-18,791,534,-257
1969-11-19,893,460,-433
1969-11-20,1152,258,-894
1969-11-21,911,389,-522
1969-11-24,1138,279,-859
1969-11-25,741,581,-160
1969-11-26,643,688,45
1969-11-28,500,820,320
1969-12-01,947,420,-527
1969-12-02,959,389,-570
1969-12-03,1177,246,-931
1969-12-04,726,651,-75
1969-12-05,811,532,-279
1969-12-08,1149,284,-865
1969-12-09,803,546,-257
1969-12-10,840,501,-339
1969-12-11,676,641,-35
1969-12-12,661,685,24
1969-12-15,777,563,-214
1969-12-16,1068,323,-745
1969-12-17,895,456,-439
1969-12-18,403,1003,600
1969-12-19,407,996,589
1969-12-22,980,436,-544
1969-12-23,940,449,-491
1969-12-24,318,1083,765
1969-12-26,380,896,516
1969-12-29,890,509,-381
1969-12-30,697,724,27
1969-12-31,532,935,403
1970-01-02,296,1143,847
1970-01-05,426,1021,595
1970-01-06,890,488,-402
1970-01-07,650,639,-11
1970-01-08,646,684,38
1970-01-09,728,580,-148
1970-01-12,918,451,-467
1970-01-13,729,555,-174
1970-01-14,766,512,-254
1970-01-15,755,530,-225
1970-01-16,839,466,-373
1970-01-19,895,415,-480
1970-01-20,659,627,-32
1970-01-21,633,695,62
1970-01-22,616,665,49
1970-01-23,937,398,-539
1970-01-26,1000,306,-694
1970-01-27,882,427,-455
1970-01-28,876,414,-462
1970-01-29,1071,275,-796
1970-01-30,901,421,-480
1970-02-02,494,842,348
1970-02-03,423,946,523
1970-02-04,826,507,-319
1970-02-05,840,465,-375
1970-02-06,523,777,254
1970-02-09,486,873,387
1970-02-10,829,469,-360
1970-02-11,502,813,311
1970-02-12,612,653,41
1970-02-13,673,598,-75
1970-02-16,653,660,7
1970-02-17,742,572,-170
1970-02-18,412,946,534
1970-02-19,569,759,190
1970-02-20,606,674,68
1970-02-24,592,741,149
1970-02-25,346,1005,659
1970-02-26,746,585,-161
1970-02-27,406,952,546
1970-03-02,543,847,304
1970-03-03,531,836,305
1970-03-04,656,674,18
1970-03-05,574,770,196
1970-03-06,825,490,-335
1970-03-09,944,393,-551
1970-03-10,706,587,-119
1970-03-11,650,622,-28
1970-03-12,869,413,-456
1970-03-13,837,447,-390
1970-03-16,1015,318,-697
1970-03-17,632,649,17
1970-03-18,566,742,176
1970-03-19,777,533,-244
1970-03-20,864,411,-453
1970-03-23,740,499,-241
1970-03-24,449,827,378
1970-03-25,200,1268,1068
1970-03-26,566,764,198
1970-03-30,782,552,-230
1970-03-31,674,619,-55
1970-04-01,535,789,254
1970-04-02,687,632,-55
1970-04-03,760,576,-184
1970-04-06,918,386,-532
1970-04-07,764,537,-227
1970-04-08,776,496,-280
1970-04-09,697,556,-141
1970-04-10,850,414,-436
1970-04-13,978,331,-647
1970-04-14,1023,319,-704
1970-04-15,731,528,-203
1970-04-16,940,350,-590
1970-04-17,839,457,-382
1970-04-20,660,616,-44
1970-04-21,780,468,-312
1970-04-22,1116,226,-890
1970-04-23,1189,200,-989
1970-04-24,921,423,-498
1970-04-27,1208,185,-1023
1970-04-28,1094,308,-786
1970-04-29,487,906,419
1970-04-30,646,674,28
1970-05-01,695,561,-134
1970-05-04,1228,188,-1040
1970-05-05,1039,311,-728
1970-05-06,416,937,521
1970-05-07,493,812,319
1970-05-08,810,485,-325
1970-05-11,925,325,-600
1970-05-12,879,432,-447
1970-05-13,1141,226,-915
1970-05-14,1211,229,-982
1970-05-15,415,935,520
1970-05-18,588,735,147
1970-05-19,1062,252,-810
1970-05-20,1258,160,-1098
1970-05-21,1190,230,-960
1970-05-22,797,515,-282
1970-05-25,1370,130,-1240
1970-05-26,1027,388,-639
1970-05-27,191,1312,1121
1970-05-28,271,1211,940
1970-05-29,297,1118,821
1970-06-01,344,1063,719
1970-06-02,635,744,109
1970-06-03,391,994,603
1970-06-04,914,468,-446
1970-06-05,1118,255,-863
1970-06-08,589,669,80
1970-06-09,657,582,-75
1970-06-10,878,382,-496
1970-06-11,1060,243,-817
1970-06-12,853,390,-463
1970-06-15,576,661,85
1970-06-16,350,978,628
1970-06-17,643,639,-4
1970-06-18,574,661,87
1970-06-19,455,835,380
1970-06-22,820,412,-408
1970-06-23,1132,240,-892
1970-06-24,1061,282,-779
1970-06-25,729,511,-218
1970-06-26,826,421,-405
1970-06-29,936,350,-586
1970-06-30,788,489,-299
1970-07-01,667,574,-93
1970-07-02,651,559,-92
1970-07-06,990,316,-674
1970-07-07,919,375,-544
1970-07-08,354,936,582
1970-07-09,288,1056,768
1970-07-10,456,791,335
1970-07-13,561,696,135
1970-07-14,704,543,-161
1970-07-15,412,837,425
1970-07-16,387,946,559
1970-07-17,339,1057,718
1970-07-20,510,810,300
1970-07-21,900,398,-502
1970-07-22,496,765,269
1970-07-23,420,855,435
1970-07-24,607,638,31
1970-07-27,636,625,-11
1970-07-28,564,671,107
1970-07-29,457,809,352
1970-07-30,614,597,-17
1970-07-31,617,644,27
1970-08-03,855,385,-470
1970-08-04,628,569,-59
1970-08-05,617,599,-18
1970-08-06,705,474,-231
1970-08-07,505,666,161
1970-08-10,973,328,-645
1970-08-11,826,364,-462
1970-08-12,673,486,-187
1970-08-13,780,411,-369
1970-08-14,558,628,70
1970-08-17,637,556,-81
1970-08-18,411,843,432
1970-08-19,471,803,332
1970-08-20,530,701,171
1970-08-21,275,1116,841
1970-08-24,245,1206,961
1970-08-25,497,856,359
1970-08-26,496,851,355
1970-08-27,625,653,28
1970-08-28,367,968,601
1970-08-31,622,683,61
1970-09-01,781,499,-282
1970-09-02,658,587,-71
1970-09-03,340,1015,675
1970-09-04,345,1039,694
1970-09-08,588,770,182
1970-09-09,684,669,-15
1970-09-10,839,459,-380
1970-09-11,499,785,286
1970-09-14,717,571,-146
1970-09-15,1016,296,-720
1970-09-16,500,776,276
1970-09-17,371,955,584
1970-09-18,518,829,311
1970-09-21,827,514,-313
1970-09-22,807,514,-293
1970-09-23,363,997,634
1970-09-24,309,1083,774
1970-09-25,608,743,135
1970-09-28,665,658,-7
1970-09-29,508,838,330
1970-09-30,647,681,34
1970-10-01,666,628,-38
1970-10-02,388,954,566
1970-10-05,365,1047,682
1970-10-06,673,719,46
1970-10-07,674,630,-44
1970-10-08,966,401,-565
1970-10-09,934,400,-534
1970-10-12,929,333,-596
1970-10-13,784,488,-296
1970-10-14,642,608,-34
1970-10-15,613,702,89
1970-10-16,882,409,-473
1970-10-19,1059,295,-764
1970-10-20,635,660,25
1970-10-21,653,627,-26
1970-10-22,855,446,-409
1970-10-23,563,707,144
1970-10-26,765,485,-280
1970-10-27,804,493,-311
1970-10-28,717,572,-145
1970-10-29,786,537,-249
1970-10-30,748,532,-216
1970-11-02,611,659,48
1970-11-03,385,924,539
1970-11-04,597,707,110
1970-11-05,693,540,-153
1970-11-06,627,637,10
1970-11-09,524,817,293
1970-11-10,578,723,145
1970-11-11,479,850,371
1970-11-12,1019,351,-668
1970-11-13,977,358,-619
1970-11-16,801,496,-305
1970-11-17,617,638,21
1970-11-18,939,342,-597
1970-11-19,703,578,-125
1970-11-20,444,831,387
1970-11-23,488,899,411
1970-11-24,490,849,359
1970-11-25,516,835,319
1970-11-27,399,907,508
1970-11-30,230,1244,1014
1970-12-01,507,938,431
1970-12-02,401,1032,631
1970-12-03,487,966,479
1970-12-04,484,910,426
1970-12-07,475,919,444
1970-12-08,835,545,-290
1970-12-09,668,669,1
1970-12-10,552,799,247
1970-12-11,550,838,288
1970-12-14,886,493,-393
1970-12-15,778,582,-196
1970-12-16,670,680,10
1970-12-17,515,814,299
1970-12-18,549,777,228
1970-12-21,729,654,-75
1970-12-22,609,761,152
1970-12-23,582,769,187
1970-12-24,345,1016,671
1970-12-28,429,909,480
1970-12-29,311,1121,810
1970-12-30,594,814,220
1970-12-31,693,658,-35
1971-01-04,847,535,-312
1971-01-05,401,1043,642
1971-01-06,341,1098,757
1971-01-07,600,841,241
1971-01-08,681,717,36
1971-01-11,624,736,112
1971-01-12,327,1145,818
1971-01-13,618,839,221
1971-01-14,602,789,187
1971-01-15,476,934,458
1971-01-18,528,903,375
1971-01-19,605,814,209
1971-01-20,622,785,163
1971-01-21,528,883,355
1971-01-22,502,899,397
1971-01-25,541,876,335
1971-01-26,672,811,139
1971-01-27,971,456,-515
1971-01-28,520,838,318
1971-01-29,468,938,470
1971-02-01,452,1005,553
1971-02-02,654,760,106
1971-02-03,595,800,205
1971-02-04,668,728,60
1971-02-05,540,856,316
1971-02-08,467,975,508
1971-02-09,688,738,50
1971-02-10,856,550,-306
1971-02-11,516,908,392
1971-02-12,498,925,427
1971-02-16,603,838,235
1971-02-17,841,576,-265
1971-02-18,940,457,-483
1971-02-19,1145,318,-827
1971-02-22,1227,239,-988
1971-02-23,553,854,301
1971-02-24,414,970,556
1971-02-25,630,731,101
1971-02-26,863,488,-375
1971-03-01,639,738,99
1971-03-02,670,687,17
1971-03-03,668,677,9
1971-03-04,442,971,529
1971-03-05,395,1031,636
1971-03-08,512,907,395
1971-03-09,611,814,203
1971-03-10,775,628,-147
1971-03-11,710,673,-37
1971-03-12,687,642,-45
1971-03-15,420,1003,583
1971-03-16,584,844,260
1971-03-17,742,643,-99
1971-03-18,581,794,213
1971-03-19,766,632,-134
1971-03-22,874,528,-346
1971-03-23,833,505,-328
1971-03-24,904,483,-421
1971-03-25,794,579,-215
1971-03-26,501,842,341
1971-03-29,683,715,32
1971-03-30,660,699,39
1971-03-31,627,771,144
1971-04-01,708,647,-61
1971-04-02,622,726,104
1971-04-05,697,707,10
1971-04-06,581,810,229
1971-04-07,545,881,336
1971-04-08,625,775,150
1971-04-12,564,873,309
1971-04-13,660,742,82
1971-04-14,605,804,199
1971-04-15,694,752,58
1971-04-16,720,702,-18
1971-04-19,637,790,153
1971-04-20,942,472,-470
1971-04-21,829,555,-274
1971-04-22,620,742,122
1971-04-23,564,814,250
1971-04-26,647,773,126
1971-04-27,637,796,159
1971-04-28,671,761,90
1971-04-29,824,587,-237
1971-04-30,964,441,-523
1971-05-03,983,463,-520
1971-05-04,513,887,374
1971-05-05,782,588,-194
1971-05-06,947,463,-484
1971-05-07,931,459,-472
1971-05-10,914,456,-458
1971-05-11,575,797,222
1971-05-12,649,711,62
1971-05-13,754,627,-127
1971-05-14,829,543,-286
1971-05-17,1275,210,-1065
1971-05-18,790,611,-179
1971-05-19,643,693,50
1971-05-20,618,739,121
1971-05-21,801,547,-254
1971-05-24,993,379,-614
1971-05-25,1027,363,-664
1971-05-26,633,693,60
1971-05-27,716,570,-146
1971-05-28,568,712,144
1971-06-01,517,857,340
1971-06-02,444,969,525
1971-06-03,518,908,390
1971-06-04,680,692,12
1971-06-07,704,689,-15
1971-06-08,982,420,-562
1971-06-09,821,526,-295
1971-06-10,631,708,77
1971-06-11,616,684,68
1971-06-14,1015,384,-631
1971-06-15,850,512,-338
1971-06-16,707,637,-70
1971-06-17,664,644,-20
1971-06-18,1181,248,-933
1971-06-21,1130,267,-863
1971-06-22,845,542,-303
1971-06-23,434,962,528
1971-06-24,682,616,-66
1971-06-25,709,597,-112
1971-06-28,767,524,-243
1971-06-29,362,1013,651
1971-06-30,398,992,594
1971-07-01,587,746,159
1971-07-02,640,679,39
1971-07-06,626,728,102
1971-07-07,526,835,309
1971-07-08,585,763,178
1971-07-09,607,755,148
1971-07-12,656,722,66
1971-07-13,1069,351,-718
1971-07-14,738,596,-142
1971-07-15,575,758,183
1971-07-16,699,649,-50
1971-07-19,827,515,-312
1971-07-20,573,745,172
1971-07-21,714,610,-104
1971-07-22,794,518,-276
1971-07-23,770,559,-211
1971-07-26,841,487,-354
1971-07-27,1052,333,-719
1971-07-28,1040,323,-717
1971-07-29,1232,233,-999
1971-07-30,812,516,-296
1971-08-02,469,909,440
1971-08-03,1263,218,-1045
1971-08-04,910,447,-463
1971-08-05,575,714,139
1971-08-06,538,740,202
1971-08-09,963,373,-590
1971-08-10,733,558,-175
1971-08-11,388,935,547
1971-08-12,310,1123,813
1971-08-13,686,599,-87
1971-08-16,107,1503,1396
1971-08-17,536,932,396
1971-08-18,1062,407,-655
1971-08-19,893,478,-415
1971-08-20,632,713,81
1971-08-23,474,917,443
1971-08-24,449,997,548
1971-08-25,598,842,244
1971-08-26,697,677,-20
1971-08-27,550,813,263
1971-08-30,894,494,-400
1971-08-31,892,463,-429
1971-09-01,596,706,110
1971-09-02,557,767,210
1971-09-03,296,1142,846
1971-09-07,468,989,521
1971-09-08,667,752,85
1971-09-09,826,575,-251
1971-09-10,911,483,-428
1971-09-13,811,543,-268
1971-09-14,1012,401,-611
1971-09-15,661,669,8
1971-09-16,770,577,-193
1971-09-17,583,751,168
1971-09-20,841,485,-356
1971-09-21,803,529,-274
1971-09-22,1070,329,-741
1971-09-23,810,520,-290
1971-09-24,675,674,-1
1971-09-27,986,373,-613
1971-09-28,630,694,64
1971-09-29,628,635,7
1971-09-30,560,801,241
1971-10-01,502,889,387
1971-10-04,579,823,244
1971-10-05,762,581,-181
1971-10-06,432,967,535
1971-10-07,557,861,304
1971-10-08,851,526,-325
1971-10-11,735,536,-199
1971-10-12,577,788,211
1971-10-13,783,601,-182
1971-10-14,1038,357,-681
1971-10-15,875,488,-387
1971-10-18,880,479,-401
1971-10-19,959,431,-528
1971-10-20,1097,327,-770
1971-10-21,774,609,-165
1971-10-22,673,685,12
1971-10-25,804,434,-370
1971-10-26,920,437,-483
1971-10-27,1109,318,-791
1971-10-28,761,640,-121
1971-10-29,540,791,251
1971-11-01,1148,291,-857
1971-11-02,716,645,-71
1971-11-03,343,1119,776
1971-11-04,583,813,230
1971-11-05,832,475,-357
1971-11-08,728,603,-125
1971-11-09,642,717,75
1971-11-10,1052,330,-722
1971-11-11,1083,287,-796
1971-11-12,768,571,-197
1971-11-15,785,568,-217
1971-11-16,508,851,343
1971-11-17,730,601,-129
1971-11-18,878,491,-387
1971-11-19,1016,354,-662
1971-11-22,1046,314,-732
1971-11-23,1098,339,-759
1971-11-24,627,739,112
1971-11-26,242,1106,864
1971-11-29,204,1314,1110
1971-11-30,456,979,523
1971-12-01,292,1238,946
1971-12-02,620,824,204
1971-12-03,419,1039,620
1971-12-06,701,764,63
1971-12-07,636,762,126
1971-12-08,615,748,133
1971-12-09,707,646,-61
1971-12-10,423,985,562
1971-12-13,506,917,411
1971-12-14,828,566,-262
1971-12-15,521,906,385
1971-12-16,448,1029,581
1971-12-17,547,879,332
1971-12-20,342,1197,855
1971-12-21,689,752,63
1971-12-22,847,597,-250
1971-12-23,864,582,-282
1971-12-27,677,753,76
1971-12-28,491,946,455
1971-12-29,525,949,424
1971-12-30,801,626,-175
1971-12-31,512,933,421
1972-01-03,665,768,103
1972-01-04,590,837,247
1972-01-05,379,1138,759
1972-01-06,555,964,409
1972-01-07,667,800,133
1972-01-10,659,818,159
1972-01-11,499,996,497
1972-01-12,774,723,-51
1972-01-13,1009,495,-514
1972-01-14,616,824,208
1972-01-17,590,897,307
1972-01-18,576,923,347
1972-01-19,859,604,-255
1972-01-20,770,666,-104
1972-01-21,830,583,-247
1972-01-24,1045,426,-619
1972-01-25,734,690,-44
1972-01-26,718,684,-34
1972-01-27,412,1102,690
1972-01-28,460,1009,549
1972-01-31,642,795,153
1972-02-01,701,758,57
1972-02-02,546,930,384
1972-02-03,837,607,-230
1972-02-04,600,843,243
1972-02-07,775,670,-105
1972-02-08,797,636,-161
1972-02-09,568,912,344
1972-02-10,680,764,84
1972-02-11,894,538,-356
1972-02-14,875,552,-323
1972-02-15,606,822,216
1972-02-16,589,837,248
1972-02-17,715,713,-2
1972-02-18,817,621,-196
1972-02-22,721,724,3
1972-02-23,653,766,113
1972-02-24,677,736,59
1972-02-25,576,858,282
1972-02-28,674,749,75
1972-02-29,631,787,156
1972-03-01,573,913,340
1972-03-02,706,725,19
1972-03-03,525,903,378
1972-03-06,514,1004,490
1972-03-07,745,729,-16
1972-03-08,650,822,172
1972-03-09,707,747,40
1972-03-10,922,519,-403
1972-03-13,1086,386,-700
1972-03-14,619,778,159
1972-03-15,690,763,73
1972-03-16,868,552,-316
1972-03-17,720,714,-6
1972-03-20,914,571,-343
1972-03-21,1199,286,-913
1972-03-22,738,684,-54
1972-03-23,440,1029,589
1972-03-24,808,606,-202
1972-03-27,881,528,-353
1972-03-28,790,623,-167
1972-03-29,978,442,-536
1972-03-30,515,900,385
1972-04-03,726,742,16
1972-04-04,565,863,298
1972-04-05,493,969,476
1972-04-06,574,892,318
1972-04-07,685,767,82
1972-04-10,735,735,0
1972-04-11,620,867,247
1972-04-12,649,865,216
1972-04-13,890,569,-321
1972-04-14,748,673,-75
1972-04-17,794,633,-161
1972-04-18,687,765,78
1972-04-19,977,492,-485
1972-04-20,825,572,-253
1972-04-21,768,668,-100
1972-04-24,1000,455,-545
1972-04-25,1141,313,-828
1972-04-26,869,567,-302
1972-04-27,733,674,-59
1972-04-28,586,831,245
1972-05-01,1060,403,-657
1972-05-02,980,501,-479
1972-05-03,918,505,-413
1972-05-04,729,645,-84
1972-05-05,632,763,131
1972-05-08,971,441,-530
1972-05-09,1380,180,-1200
1972-05-10,450,942,492
1972-05-11,499,911,412
1972-05-12,433,1006,573
1972-05-15,528,906,378
1972-05-16,771,652,-119
1972-05-17,708,668,-40
1972-05-18,481,947,466
1972-05-19,488,999,511
1972-05-22,644,823,179
1972-05-23,762,649,-113
1972-05-24,661,764,103
1972-05-25,706,714,8
1972-05-26,637,780,143
1972-05-30,783,636,-147
1972-05-31,1068,399,-669
1972-06-01,651,739,88
1972-06-02,665,718,53
1972-06-05,986,458,-528
1972-06-06,948,480,-468
1972-06-07,949,427,-522
1972-06-08,801,541,-260
1972-06-09,883,462,-421
1972-06-12,701,662,-39
1972-06-13,684,683,-1
1972-06-14,541,895,354
1972-06-15,777,635,-142
1972-06-16,804,561,-243
1972-06-19,771,599,-172
1972-06-20,681,723,42
1972-06-21,736,672,-64
1972-06-22,865,534,-331
1972-06-23,825,550,-275
1972-06-26,999,415,-584
1972-06-27,768,610,-158
1972-06-28,851,514,-337
1972-06-29,835,523,-312
1972-06-30,493,910,417
1972-07-03,522,807,285
1972-07-05,562,850,288
1972-07-06,505,930,425
1972-07-07,810,575,-235
1972-07-10,906,490,-416
1972-07-11,1020,420,-600
1972-07-12,905,489,-416
1972-07-13,953,437,-516
1972-07-14,626,753,127
1972-07-17,957,451,-506
1972-07-18,912,496,-416
1972-07-19,612,796,184
1972-07-20,820,543,-277
1972-07-21,546,830,284
1972-07-24,404,1075,671
1972-07-25,791,652,-139
1972-07-26,804,626,-178
1972-07-27,875,479,-396
1972-07-28,771,607,-164
1972-07-31,766,603,-163
1972-08-01,488,893,405
1972-08-02,519,905,386
1972-08-03,486,825,339
1972-08-04,626,771,145
1972-08-07,667,714,47
1972-08-08,746,682,-64
1972-08-09,681,732,51
1972-08-10,588,783,195
1972-08-11,498,901,403
1972-08-14,585,891,306
1972-08-15,770,674,-96
1972-08-16,796,620,-176
1972-08-17,714,658,-56
1972-08-18,530,830,300
1972-08-21,680,712,32
1972-08-22,572,894,322
1972-08-23,662,782,120
1972-08-24,970,468,-502
1972-08-25,826,566,-260
1972-08-28,851,521,-330
1972-08-29,773,630,-143
1972-08-30,653,717,64
1972-08-31,580,794,214
1972-09-01,533,871,338
1972-09-05,782,591,-191
1972-09-06,924,454,-470
1972-09-07,846,518,-328
1972-09-08,764,598,-166
1972-09-11,1016,410,-606
1972-09-12,1078,351,-727
1972-09-13,663,737,74
1972-09-14,670,673,3
1972-09-15,762,632,-130
1972-09-18,827,499,-328
1972-09-19,761,638,-123
1972-09-20,769,591,-178
1972-09-21,831,635,-196
1972-09-22,674,710,36
1972-09-25,901,451,-450
1972-09-26,706,666,-40
1972-09-27,393,1042,649
1972-09-28,606,787,181
1972-09-29,629,752,123
1972-10-02,801,597,-204
1972-10-03,758,576,-182
1972-10-04,823,598,-225
1972-10-05,1017,399,-618
1972-10-06,570,817,247
1972-10-09,508,791,283
1972-10-10,563,815,252
1972-10-11,855,526,-329
1972-10-12,1035,343,-692
1972-10-13,919,475,-444
1972-10-16,985,415,-570
1972-10-17,574,813,239
1972-10-18,505,844,339
1972-10-19,754,596,-158
1972-10-20,483,918,435
1972-10-23,401,1042,641
1972-10-24,654,742,88
1972-10-25,727,695,-32
1972-10-26,508,977,469
1972-10-27,744,639,-105
1972-10-30,721,677,-44
1972-10-31,471,973,502
1972-11-01,431,1048,617
1972-11-02,606,846,240
1972-11-03,502,1051,549
1972-11-06,670,849,179
1972-11-08,822,670,-152
1972-11-09,703,748,45
1972-11-10,544,955,411
1972-11-13,697,780,83
1972-11-14,559,922,363
1972-11-15,718,774,56
1972-11-16,621,840,219
1972-11-17,588,902,314
1972-11-20,649,805,156
1972-11-21,581,897,316
1972-11-22,562,924,362
1972-11-24,608,824,216
1972-11-27,896,608,-288
1972-11-28,726,749,23
1972-11-29,726,762,36
1972-11-30,579,880,301
1972-12-01,521,963,442
1972-12-04,658,861,203
1972-12-05,836,620,-216
1972-12-06,638,826,188
1972-12-07,686,748,62
1972-12-08,727,718,-9
1972-12-11,764,719,-45
1972-12-12,919,553,-366
1972-12-13,937,532,-405
1972-12-14,986,471,-515
1972-12-15,735,700,-35
1972-12-18,1238,304,-934
1972-12-19,959,501,-458
1972-12-20,951,518,-433
1972-12-21,954,561,-393
1972-12-22,564,867,303
1972-12-26,699,718,19
1972-12-27,749,709,-40
1972-12-29,444,1117,673
1973-01-02,374,1217,843
1973-01-03,635,877,242
1973-01-04,803,649,-154
1973-01-05,687,745,58
1973-01-08,771,676,-95
1973-01-09,833,639,-194
1973-01-10,856,592,-264
1973-01-11,648,834,186
1973-01-12,1083,416,-667
1973-01-15,1047,458,-589
1973-01-16,969,492,-477
1973-01-17,651,788,137
1973-01-18,743,694,-49
1973-01-19,928,522,-406
1973-01-22,957,513,-444
1973-01-23,948,512,-436
1973-01-24,1194,322,-872
1973-01-26,1025,496,-529
1973-01-29,927,512,-415
1973-01-30,829,618,-211
1973-01-31,700,725,25
1973-02-01,1048,427,-621
1973-02-02,947,493,-454
1973-02-05,823,614,-209
1973-02-06,750,618,-132
1973-02-07,951,480,-471
1973-02-08,961,496,-465
1973-02-09,448,1033,585
1973-02-12,404,1087,683
1973-02-13,600,903,303
1973-02-14,1202,306,-896
1973-02-15,937,475,-462
1973-02-16,666,723,57
1973-02-20,697,734,37
1973-02-21,985,450,-535
1973-02-22,925,512,-413
1973-02-23,1049,388,-661
1973-02-26,1064,398,-666
1973-02-27,1045,408,-637
1973-02-28,646,776,130
1973-03-01,863,563,-300
1973-03-02,699,748,49
1973-03-05,629,820,191
1973-03-06,449,1042,593
1973-03-07,563,824,261
1973-03-08,766,662,-104
1973-03-09,816,579,-237
1973-03-12,740,643,-97
1973-03-13,626,724,98
1973-03-14,724,647,-77
1973-03-15,973,435,-538
1973-03-16,898,491,-407
1973-03-19,1168,308,-860
1973-03-20,919,500,-419
1973-03-21,1059,402,-657
1973-03-22,1298,231,-1067
1973-03-23,759,681,-78
1973-03-26,564,879,315
1973-03-27,334,1125,791
1973-03-28,696,715,19
1973-03-29,456,970,514
1973-03-30,864,547,-317
1973-04-02,993,424,-569
1973-04-03,1034,383,-651
1973-04-04,891,524,-367
1973-04-05,944,461,-483
1973-04-06,531,874,343
1973-04-09,458,995,537
1973-04-10,471,1009,538
1973-04-11,647,777,130
1973-04-12,717,703,-14
1973-04-13,788,582,-206
1973-04-16,822,569,-253
1973-04-17,911,507,-404
1973-04-18,715,670,-45
1973-04-19,580,820,240
1973-04-23,893,558,-335
1973-04-24,1147,314,-833
1973-04-25,1172,303,-869
1973-04-26,734,681,-53
1973-04-27,1096,342,-754
1973-04-30,826,596,-230
1973-05-01,749,643,-106
1973-05-02,432,988,556
1973-05-03,443,993,550
1973-05-04,476,987,511
1973-05-07,809,587,-222
1973-05-08,587,821,234
1973-05-09,730,709,-21
1973-05-10,920,468,-452
1973-05-11,1070,336,-734
1973-05-14,1314,184,-1130
1973-05-15,806,629,-177
1973-05-16,773,592,-181
1973-05-17,1005,382,-623
1973-05-18,1359,179,-1180
1973-05-21,1392,227,-1165
1973-05-22,648,858,210
1973-05-23,703,731,28
1973-05-24,349,1187,838
1973-05-25,385,1141,756
1973-05-29,747,689,-58
1973-05-30,1158,305,-853
1973-05-31,1071,355,-716
1973-06-01,975,391,-584
1973-06-04,1115,347,-768
1973-06-05,540,877,337
1973-06-06,780,609,-171
1973-06-07,471,908,437
1973-06-08,391,1071,680
1973-06-11,708,700,-8
1973-06-12,439,988,549
1973-06-13,620,787,167
1973-06-14,986,398,-588
1973-06-15,1101,316,-785
1973-06-18,1137,288,-849
1973-06-19,774,611,-163
1973-06-20,607,753,146
1973-06-21,1023,355,-668
1973-06-22,653,767,114
1973-06-25,1075,307,-768
1973-06-26,608,746,138
1973-06-27,595,717,122
1973-06-28,517,874,357
1973-06-29,705,645,-60
1973-07-02,918,466,-452
1973-07-03,813,520,-293
1973-07-05,751,558,-193
1973-07-06,731,588,-143
1973-07-09,549,830,281
1973-07-10,350,1126,776
1973-07-11,224,1294,1070
1973-07-12,625,805,180
1973-07-13,881,504,-377
1973-07-16,432,994,562
1973-07-17,544,921,377
1973-07-18,442,1027,585
1973-07-19,635,809,174
1973-07-20,541,933,392
1973-07-23,618,879,261
1973-07-24,700,744,44
1973-07-25,467,1024,557
1973-07-26,728,729,1
1973-07-27,888,526,-362
1973-07-30,817,626,-191
1973-07-31,937,484,-453
1973-08-01,1186,308,-878
1973-08-02,877,544,-333
1973-08-03,684,640,-44
1973-08-06,630,728,98
1973-08-07,803,580,-223
1973-08-08,1033,382,-651
1973-08-09,759,596,-163
1973-08-10,995,359,-636
1973-08-13,1163,269,-894
1973-08-14,1018,373,-645
1973-08-15,619,731,112
1973-08-16,720,619,-101
1973-08-17,641,667,26
1973-08-20,938,412,-526
1973-08-21,961,392,-569
1973-08-22,872,452,-420
1973-08-23,402,964,562
1973-08-24,660,675,15
1973-08-27,563,787,224
1973-08-28,547,815,268
1973-08-29,407,1011,604
1973-08-30,589,827,238
1973-08-31,462,915,453
1973-09-04,439,1010,571
1973-09-05,586,825,239
1973-09-06,498,960,462
1973-09-07,606,795,189
1973-09-10,836,574,-262
1973-09-11,926,479,-447
1973-09-12,801,574,-227
1973-09-13,661,675,14
1973-09-14,547,840,293
1973-09-17,526,872,346
1973-09-18,658,753,95
1973-09-19,340,1185,845
1973-09-20,447,1111,664
1973-09-21,465,1034,569
1973-09-24,487,1021,534
1973-09-25,565,952,387
1973-09-26,475,1065,590
1973-09-27,626,874,248
1973-09-28,770,684,-86
1973-10-01,640,860,220
1973-10-02,487,1074,587
1973-10-03,597,943,346
1973-10-04,825,696,-129
1973-10-05,510,1010,500
1973-10-08,584,888,304
1973-10-09,769,714,-55
1973-10-10,1171,373,-798
1973-10-11,390,1143,753
1973-10-12,634,859,225
1973-10-15,1130,410,-720
1973-10-16,943,552,-391
1973-10-17,839,627,-212
1973-10-18,788,621,-167
1973-10-19,662,768,106
1973-10-22,1125,344,-781
1973-10-23,734,684,-50
1973-10-24,748,680,-68
1973-10-25,770,627,-143
1973-10-26,532,915,383
1973-10-29,822,655,-167
1973-10-30,1193,311,-882
1973-10-31,1088,410,-678
1973-11-01,1023,413,-610
1973-11-02,932,489,-443
1973-11-05,1271,248,-1023
1973-11-06,1001,446,-555
1973-11-07,616,797,181
1973-11-08,461,1007,546
1973-11-09,1115,378,-737
1973-11-12,1248,322,-926
1973-11-13,1149,389,-760
1973-11-14,1232,283,-949
1973-11-15,860,647,-213
1973-11-16,515,1009,494
1973-11-19,1404,198,-1206
1973-11-20,1454,161,-1293
1973-11-21,602,930,328
1973-11-23,709,705,-4
1973-11-26,1518,149,-1369
1973-11-27,1068,463,-605
1973-11-28,460,1109,649
1973-11-29,847,668,-179
1973-11-30,1118,403,-715
1973-12-03,1368,222,-1146
1973-12-04,948,545,-403
1973-12-05,1299,242,-1057
1973-12-06,548,977,429
1973-12-07,276,1339,1063
1973-12-10,491,1063,572
1973-12-11,1028,511,-517
1973-12-12,1385,191,-1194
1973-12-13,1154,355,-799
1973-12-14,557,914,357
1973-12-17,872,572,-300
1973-12-18,526,972,446
1973-12-19,742,747,5
1973-12-20,812,678,-134
1973-12-21,920,568,-352
1973-12-24,739,668,-71
1973-12-26,358,1204,846
1973-12-27,443,1181,738
1973-12-28,876,674,-202
1973-12-31,658,929,271
1974-01-02,431,1070,639
1974-01-03,152,1565,1413
1974-01-04,527,1038,511
1974-01-07,640,899,259
1974-01-08,1053,487,-566
1974-01-09,1314,246,-1068
1974-01-10,977,478,-499
1974-01-11,469,986,517
1974-01-14,648,797,149
1974-01-15,583,822,239
1974-01-16,453,953,500
1974-01-17,372,1127,755
1974-01-18,978,475,-503
1974-01-21,897,542,-355
1974-01-22,527,933,406
1974-01-23,524,926,402
1974-01-24,747,665,-82
1974-01-25,702,733,31
1974-01-28,792,635,-157
1974-01-29,741,657,-84
1974-01-30,459,982,523
1974-01-31,687,713,26
1974-02-01,1051,388,-663
1974-02-04,1260,269,-991
1974-02-05,791,589,-202
1974-02-06,593,735,142
1974-02-07,529,817,288
1974-02-08,885,476,-409
1974-02-11,1043,367,-676
1974-02-12,722,633,-89
1974-02-13,674,677,3
1974-02-14,606,703,97
1974-02-15,410,976,566
1974-02-19,690,781,91
1974-02-20,485,898,413
1974-02-21,417,983,566
1974-02-22,439,998,559
1974-02-25,647,781,134
1974-02-26,430,991,561
1974-02-27,594,831,237
1974-02-28,746,658,-88
1974-03-01,790,604,-186
1974-03-04,707,706,-1
1974-03-05,320,1212,892
1974-03-06,553,873,320
1974-03-07,924,521,-403
1974-03-08,528,883,355
1974-03-11,530,939,409
1974-03-12,636,755,119
1974-03-13,544,813,269
1974-03-14,648,747,99
1974-03-15,781,577,-204
1974-03-18,1034,410,-624
1974-03-19,1040,394,-646
1974-03-20,674,668,-6
1974-03-21,787,577,-210
1974-03-22,836,541,-295
1974-03-25,803,578,-225
1974-03-26,657,687,30
1974-03-27,1054,340,-714
1974-03-28,1299,191,-1108
1974-03-29,917,459,-458
1974-04-01,896,483,-413
1974-04-02,793,591,-202
1974-04-03,576,779,203
1974-04-04,716,607,-109
1974-04-05,1074,333,-741
1974-04-08,1115,323,-792
1974-04-09,614,735,121
1974-04-10,635,694,59
1974-04-11,732,563,-169
1974-04-15,754,603,-151
1974-04-16,356,1073,717
1974-04-17,528,863,335
1974-04-18,642,713,71
1974-04-19,1005,386,-619
1974-04-22,913,408,-505
1974-04-23,1273,228,-1045
1974-04-24,1249,241,-1008
1974-04-25,1139,322,-817
1974-04-26,565,786,221
1974-04-29,722,634,-88
1974-04-30,647,700,53
1974-05-01,361,1080,719
1974-05-02,647,710,63
1974-05-03,880,454,-426
1974-05-06,816,527,-289
1974-05-07,705,654,-51
1974-05-08,725,622,-103
1974-05-09,581,788,207
1974-05-10,988,430,-558
1974-05-13,1045,350,-695
1974-05-14,784,551,-233
1974-05-15,827,508,-319
1974-05-16,798,534,-264
1974-05-17,1233,229,-1004
1974-05-20,858,506,-352
1974-05-21,866,466,-400
1974-05-22,1025,370,-655
1974-05-23,874,532,-342
1974-05-24,388,1058,670
1974-05-28,697,657,-40
1974-05-29,1100,315,-785
1974-05-30,623,748,125
1974-05-31,710,577,-133
1974-06-03,333,1061,728
1974-06-04,321,1150,829
1974-06-05,548,810,262
1974-06-06,386,1007,621
1974-06-07,377,1100,723
1974-06-10,551,834,283
1974-06-11,905,490,-415
1974-06-12,986,410,-576
1974-06-13,671,648,-23
1974-06-14,953,370,-583
1974-06-17,1037,336,-701
1974-06-18,959,407,-552
1974-06-19,899,383,-516
1974-06-20,940,391,-549
1974-06-21,1027,354,-673
1974-06-24,728,580,-148
1974-06-25,475,876,401
1974-06-26,986,329,-657
1974-06-27,1128,258,-870
1974-06-28,941,439,-502
1974-07-01,782,570,-212
1974-07-02,1138,298,-840
1974-07-03,811,559,-252
1974-07-05,755,523,-232
1974-07-08,1441,137,-1304
1974-07-09,748,656,-92
1974-07-10,1036,365,-671
1974-07-11,780,554,-226
1974-07-12,192,1364,1172
1974-07-15,444,1029,585
1974-07-16,894,459,-435
1974-07-17,534,781,247
1974-07-18,511,918,407
1974-07-19,675,654,-21
1974-07-22,619,703,84
1974-07-23,394,1047,653
1974-07-24,574,798,224
1974-07-25,811,581,-230
1974-07-26,959,404,-555
1974-07-29,1146,243,-903
1974-07-30,877,433,-444
1974-07-31,924,372,-552
1974-08-01,828,465,-363
1974-08-02,741,560,-181
1974-08-05,524,823,299
1974-08-06,387,1046,659
1974-08-07,261,1180,919
1974-08-08,700,753,53
1974-08-09,766,550,-216
1974-08-12,843,443,-400
1974-08-13,1084,283,-801
1974-08-14,1165,221,-944
1974-08-15,844,455,-389
1974-08-16,801,494,-307
1974-08-19,1092,288,-804
1974-08-20,624,703,79
1974-08-21,976,341,-635
1974-08-22,1026,366,-660
1974-08-23,1012,351,-661
1974-08-26,794,627,-167
1974-08-27,1063,322,-741
1974-08-28,918,469,-449
1974-08-29,1151,290,-861
1974-08-30,338,1116,778
1974-09-03,986,454,-532
1974-09-04,1333,187,-1146
1974-09-05,441,996,555
1974-09-06,457,957,500
1974-09-09,1072,354,-718
1974-09-10,969,398,-571
1974-09-11,884,424,-460
1974-09-12,1274,182,-1092
1974-09-13,1185,283,-902
1974-09-16,690,746,56
1974-09-17,305,1170,865
1974-09-18,693,632,-61
1974-09-19,229,1291,1062
1974-09-20,516,946,430
1974-09-23,667,738,71
1974-09-24,1004,375,-629
1974-09-25,560,829,269
1974-09-26,967,357,-610
1974-09-27,970,368,-602
1974-09-30,1162,257,-905
1974-10-01,786,598,-188
1974-10-02,511,828,317
1974-10-03,957,403,-554
1974-10-04,670,688,18
1974-10-07,228,1301,1073
1974-10-08,547,875,328
1974-10-09,264,1220,956
1974-10-10,261,1338,1077
1974-10-11,422,1063,641
1974-10-14,338,1199,861
1974-10-15,1048,440,-608
1974-10-16,954,461,-493
1974-10-17,590,765,175
1974-10-18,468,947,479
1974-10-21,528,848,320
1974-10-22,674,721,47
1974-10-23,1139,280,-859
1974-10-24,1151,294,-857
1974-10-25,640,666,26
1974-10-28,783,521,-262
1974-10-29,351,1030,679
1974-10-30,448,953,505
1974-10-31,685,699,14
1974-11-01,664,702,38
1974-11-04,884,485,-399
1974-11-05,394,991,597
1974-11-06,547,882,335
1974-11-07,543,850,307
1974-11-08,596,746,150
1974-11-11,545,815,270
1974-11-12,1024,375,-649
1974-11-13,872,486,-386
1974-11-14,674,643,-31
1974-11-15,877,449,-428
1974-11-18,1382,140,-1242
1974-11-19,1124,290,-834
1974-11-20,834,484,-350
1974-11-21,675,639,-36
1974-11-22,462,911,449
1974-11-25,793,559,-234
1974-11-26,544,795,251
1974-11-27,535,827,292
1974-11-29,687,599,-88
1974-12-02,1183,256,-927
1974-12-03,1087,287,-800
1974-12-04,675,621,-54
1974-12-05,1045,322,-723
1974-12-06,1176,251,-925
1974-12-09,826,530,-296
1974-12-10,423,965,542
1974-12-11,566,810,244
1974-12-12,852,491,-361
1974-12-13,820,495,-325
1974-12-16,862,489,-373
1974-12-17,661,701,40
1974-12-18,611,787,176
1974-12-19,783,593,-190
1974-12-20,966,420,-546
1974-12-23,1034,396,-638
1974-12-24,413,938,525
1974-12-26,496,841,345
1974-12-27,701,582,-119
1974-12-30,846,575,-271
1974-12-31,304,1259,955
1975-01-02,159,1450,1291
1975-01-03,382,1137,755
1975-01-06,316,1244,928
1975-01-07,519,928,409
1975-01-08,728,687,-41
1975-01-09,420,973,553
1975-01-10,191,1417,1226
1975-01-13,539,1002,463
1975-01-14,791,609,-182
1975-01-15,601,806,205
1975-01-16,532,821,289
1975-01-17,851,503,-348
1975-01-20,703,616,-87
1975-01-21,591,746,155
1975-01-22,550,800,250
1975-01-23,470,914,444
1975-01-24,362,1065,703
1975-01-27,189,1476,1287
1975-01-28,542,1021,479
1975-01-29,457,1022,565
1975-01-30,820,669,-151
1975-01-31,508,972,464
1975-02-03,372,1158,786
1975-02-04,856,599,-257
1975-02-05,434,999,565
1975-02-06,642,860,218
1975-02-07,823,583,-240
1975-02-10,735,664,-71
1975-02-11,799,598,-201
1975-02-12,381,971,590
1975-02-13,475,1033,558
1975-02-14,648,805,157
1975-02-18,780,666,-114
1975-02-19,711,687,-24
1975-02-20,579,829,250
1975-02-21,623,825,202
1975-02-24,1022,444,-578
1975-02-25,1298,203,-1095
1975-02-26,554,854,300
1975-02-27,518,841,323
1975-02-28,505,833,328
1975-03-03,350,1121,771
1975-03-04,508,967,459
1975-03-05,833,569,-264
1975-03-06,486,905,419
1975-03-07,437,998,561
1975-03-10,499,952,453
1975-03-11,742,708,-34
1975-03-12,913,456,-457
1975-03-13,682,641,-41
1975-03-14,328,1114,786
1975-03-17,387,1130,743
1975-03-18,957,528,-429
1975-03-19,1008,395,-613
1975-03-20,790,579,-211
1975-03-21,819,540,-279
1975-03-24,1416,167,-1249
1975-03-25,657,700,43
1975-03-26,327,1133,806
1975-03-27,577,826,249
1975-03-31,788,649,-139
1975-04-01,983,372,-611
1975-04-02,744,565,-179
1975-04-03,876,448,-428
1975-04-04,821,492,-329
1975-04-07,1015,378,-637
1975-04-08,622,709,87
1975-04-09,370,1012,642
1975-04-10,461,962,501
1975-04-11,521,845,324
1975-04-14,438,1001,563
1975-04-15,603,829,226
1975-04-16,648,739,91
1975-04-17,514,921,407
1975-04-18,884,545,-339
1975-04-21,463,991,528
1975-04-22,761,698,-63
1975-04-23,1064,396,-668
1975-04-24,710,672,-38
1975-04-25,513,860,347
1975-04-28,764,652,-112
1975-04-29,1022,380,-642
1975-04-30,539,818,279
1975-05-01,502,880,378
1975-05-02,495,959,464
1975-05-05,593,887,294
1975-05-06,924,550,-374
1975-05-07,634,763,129
1975-05-08,479,969,490
1975-05-09,429,1084,655
1975-05-12,680,779,99
1975-05-13,608,788,180
1975-05-14,540,902,362
1975-05-15,787,647,-140
1975-05-16,920,501,-419
1975-05-19,666,693,27
1975-05-20,736,659,-77
1975-05-21,1069,337,-732
1975-05-22,628,729,101
1975-05-23,403,987,584
1975-05-27,675,733,58
1975-05-28,817,575,-242
1975-05-29,729,646,-83
1975-05-30,336,1143,807
1975-06-02,362,1136,774
1975-06-03,548,880,332
1975-06-04,666,782,116
1975-06-05,725,700,-25
1975-06-06,703,720,17
1975-06-09,995,503,-492
1975-06-10,1038,419,-619
1975-06-11,615,747,132
1975-06-12,784,590,-194
1975-06-13,550,823,273
1975-06-16,501,922,421
1975-06-17,873,551,-322
1975-06-18,795,612,-183
1975-06-19,354,1112,758
1975-06-20,478,1006,528
1975-06-23,478,990,512
1975-06-24,509,1006,497
1975-06-25,571,847,276
1975-06-26,584,846,262
1975-06-27,612,770,158
1975-06-30,512,960,448
1975-07-01,784,658,-126
1975-07-02,1079,405,-674
1975-07-03,552,857,305
1975-07-07,910,508,-402
1975-07-08,799,622,-177
1975-07-09,323,1194,871
1975-07-10,598,866,268
1975-07-11,652,780,128
1975-07-14,558,890,332
1975-07-15,536,978,442
1975-07-16,968,529,-439
1975-07-17,921,501,-420
1975-07-18,749,648,-101
1975-07-21,918,515,-403
1975-07-22,1146,308,-838
1975-07-23,1226,274,-952
1975-07-24,1047,387,-660
1975-07-25,897,444,-453
1975-07-28,1071,358,-713
1975-07-29,949,455,-494
1975-07-30,572,826,254
1975-07-31,553,767,214
1975-08-01,964,385,-579
1975-08-04,1041,369,-672
1975-08-05,1105,300,-805
1975-08-06,825,578,-247
1975-08-07,671,619,-52
1975-08-08,841,477,-364
1975-08-11,739,585,-154
1975-08-12,397,962,565
1975-08-13,954,347,-607
1975-08-14,931,379,-552
1975-08-15,453,822,369
1975-08-18,633,638,5
1975-08-19,1117,292,-825
1975-08-20,1292,193,-1099
1975-08-21,887,461,-426
1975-08-22,381,990,609
1975-08-25,391,979,588
1975-08-26,930,412,-518
1975-08-27,604,684,80
1975-08-28,185,1258,1073
1975-08-29,352,1051,699
1975-09-02,992,399,-593
1975-09-03,643,682,39
1975-09-04,589,728,139
1975-09-05,811,491,-320
1975-09-08,659,640,-19
1975-09-09,884,478,-406
1975-09-10,1134,257,-877
1975-09-11,731,496,-235
1975-09-12,674,590,-84
1975-09-15,894,375,-519
1975-09-16,1003,336,-667
1975-09-17,756,544,-212
1975-09-18,361,1008,647
1975-09-19,257,1244,987
1975-09-22,789,590,-199
1975-09-23,801,505,-296
1975-09-24,372,1005,633
1975-09-25,705,567,-138
1975-09-26,565,710,145
1975-09-29,900,433,-467
1975-09-30,1083,256,-827
1975-10-01,1020,331,-689
1975-10-02,553,714,161
1975-10-03,264,1131,867
1975-10-06,409,973,564
1975-10-07,776,555,-221
1975-10-08,443,887,444
1975-10-09,542,797,255
1975-10-10,631,683,52
1975-10-13,378,921,543
1975-10-14,579,780,201
1975-10-15,708,622,-86
1975-10-16,533,850,317
1975-10-17,854,486,-368
1975-10-20,524,850,326
1975-10-21,454,971,517
1975-10-22,645,707,62
1975-10-23,480,911,431
1975-10-24,890,515,-375
1975-10-27,691,630,-61
1975-10-28,534,882,348
1975-10-29,1078,347,-731
1975-10-30,726,616,-110
1975-10-31,714,626,-88
1975-11-03,915,444,-471
1975-11-04,573,742,169
1975-11-05,463,973,510
1975-11-06,567,801,234
1975-11-07,696,708,12
1975-11-10,763,638,-125
1975-11-11,483,870,387
1975-11-12,383,1108,725
1975-11-13,622,784,162
1975-11-14,687,667,-20
1975-11-17,602,813,211
1975-11-18,779,665,-114
1975-11-19,1043,379,-664
1975-11-20,790,572,-218
1975-11-21,669,672,3
1975-11-24,646,742,96
1975-11-25,490,928,438
1975-11-26,576,803,227
1975-11-28,518,806,288
1975-12-01,835,537,-298
1975-12-02,1207,260,-947
1975-12-03,1414,172,-1242
1975-12-04,694,661,-33
1975-12-05,872,484,-388
1975-12-08,850,511,-339
1975-12-09,744,599,-145
1975-12-10,483,897,414
1975-12-11,665,670,5
1975-12-12,739,581,-158
1975-12-15,680,674,-6
1975-12-16,461,968,507
1975-12-17,549,803,254
1975-12-18,559,858,299
1975-12-19,804,570,-234
1975-12-22,925,478,-447
1975-12-23,569,871,302
1975-12-24,303,1087,784
1975-12-26,327,1057,730
1975-12-29,708,744,36
1975-12-30,800,579,-221
1975-12-31,363,1154,791
1976-01-02,318,1123,805
1976-01-05,193,1466,1273
1976-01-06,304,1321,1017
1976-01-07,570,927,357
1976-01-08,509,993,484
1976-01-09,529,923,394
1976-01-12,362,1190,828
1976-01-13,916,631,-285
1976-01-14,309,1324,1015
1976-01-15,751,767,16
1976-01-16,539,925,386
1976-01-19,379,1174,795
1976-01-20,568,957,389
1976-01-21,853,677,-176
1976-01-22,688,751,63
1976-01-23,400,1171,771
1976-01-26,545,1022,477
1976-01-27,772,750,-22
1976-01-28,982,507,-475
1976-01-29,386,1204,818
1976-01-30,477,1064,587
1976-02-02,655,863,208
1976-02-03,556,991,435
1976-02-04,459,1145,686
1976-02-05,1093,480,-613
1976-02-06,1007,518,-489
1976-02-09,510,1010,500
1976-02-10,491,1038,547
1976-02-11,570,969,399
1976-02-12,751,756,5
1976-02-13,868,622,-246
1976-02-17,845,673,-172
1976-02-18,505,1081,576
1976-02-19,373,1262,889
1976-02-20,596,1005,409
1976-02-23,831,713,-118
1976-02-24,573,977,404
1976-02-25,874,683,-191
1976-02-26,1205,396,-809
1976-02-27,1092,453,-639
1976-03-01,702,780,78
1976-03-02,508,1033,525
1976-03-03,902,629,-273
1976-03-04,1073,430,-643
1976-03-05,709,736,27
1976-03-08,488,1026,538
1976-03-09,717,837,120
1976-03-10,722,773,51
1976-03-11,574,902,328
1976-03-12,1063,465,-598
1976-03-15,1218,331,-887
1976-03-16,562,956,394
1976-03-17,639,786,147
1976-03-18,936,498,-438
1976-03-19,731,689,-42
1976-03-22,725,702,-23
1976-03-23,564,936,372
1976-03-24,452,1081,629
1976-03-25,933,514,-419
1976-03-26,632,768,136
1976-03-29,885,530,-355
1976-03-30,927,501,-426
1976-03-31,559,891,332
1976-04-01,828,576,-252
1976-04-02,753,657,-96
1976-04-05,376,1155,779
1976-04-06,686,807,121
1976-04-07,1199,335,-864
1976-04-08,1213,298,-915
1976-04-09,1141,340,-801
1976-04-12,810,631,-179
1976-04-13,589,836,247
1976-04-14,861,573,-288
1976-04-15,595,813,218
1976-04-19,474,1016,542
1976-04-20,333,1224,891
1976-04-21,581,888,307
1976-04-22,771,704,-67
1976-04-23,976,502,-474
1976-04-26,755,714,-41
1976-04-27,859,563,-296
1976-04-28,771,636,-135
1976-04-29,638,768,130
1976-04-30,785,586,-199
1976-05-03,1087,376,-711
1976-05-04,570,838,268
1976-05-05,831,558,-273
1976-05-06,638,752,114
1976-05-07,485,940,455
1976-05-10,416,1092,676
1976-05-11,666,785,119
1976-05-12,797,629,-168
1976-05-13,873,543,-330
1976-05-14,992,430,-562
1976-05-17,880,507,-373
1976-05-18,701,730,29
1976-05-19,698,702,4
1976-05-20,565,901,336
1976-05-21,887,566,-321
1976-05-24,1283,239,-1044
1976-05-25,983,482,-501
1976-05-26,718,671,-47
1976-05-27,850,548,-302
1976-05-28,432,961,529
1976-06-01,740,658,-82
1976-06-02,640,757,117
1976-06-03,704,656,-48
1976-06-04,1006,371,-635
1976-06-07,1034,418,-616
1976-06-08,637,731,94
1976-06-09,640,664,24
1976-06-10,444,920,476
1976-06-11,384,1051,667
1976-06-14,368,1123,755
1976-06-15,794,582,-212
1976-06-16,543,887,344
1976-06-17,352,1144,792
1976-06-18,556,877,321
1976-06-21,565,850,285
1976-06-22,881,552,-329
1976-06-23,837,566,-271
1976-06-24,455,940,485
1976-06-25,611,776,165
1976-06-28,700,702,2
1976-06-29,604,808,204
1976-06-30,457,960,503
1976-07-01,889,571,-318
1976-07-02,521,891,370
1976-07-06,737,644,-93
1976-07-07,577,813,236
1976-07-08,579,801,222
1976-07-09,426,981,555
1976-07-12,440,1030,590
1976-07-13,710,745,35
1976-07-14,563,856,293
1976-07-15,867,544,-323
1976-07-16,914,493,-421
1976-07-19,766,644,-122
1976-07-20,1043,416,-627
1976-07-21,644,747,103
1976-07-22,700,673,-27
1976-07-23,591,735,144
1976-07-26,749,616,-133
1976-07-27,870,488,-382
1976-07-28,922,456,-466
1976-07-29,698,572,-126
1976-07-30,531,770,239
1976-08-02,703,631,-72
1976-08-03,444,996,552
1976-08-04,558,826,268
1976-08-05,776,573,-203
1976-08-06,723,646,-77
1976-08-09,737,556,-181
1976-08-10,478,912,434
1976-08-11,698,668,-30
1976-08-12,723,628,-95
1976-08-13,611,698,87
1976-08-16,643,769,126
1976-08-17,634,767,133
1976-08-18,726,628,-98
1976-08-19,1165,302,-863
1976-08-20,1032,337,-695
1976-08-23,958,410,-548
1976-08-24,801,576,-225
1976-08-25,566,817,251
1976-08-26,776,575,-201
1976-08-27,682,668,-14
1976-08-30,488,864,376
1976-08-31,399,1003,604
1976-09-01,386,999,613
1976-09-02,646,772,126
1976-09-03,489,835,346
1976-09-07,477,939,462
1976-09-08,666,765,99
1976-09-09,867,529,-338
1976-09-10,592,778,186
1976-09-13,747,661,-86
1976-09-14,826,556,-270
1976-09-15,641,703,62
1976-09-16,438,995,557
1976-09-17,406,1089,683
1976-09-20,576,888,312
1976-09-21,375,1132,757
1976-09-22,697,782,85
1976-09-23,910,534,-376
1976-09-24,737,639,-98
1976-09-27,568,827,259
1976-09-28,1107,397,-710
1976-09-29,966,439,-527
1976-09-30,755,621,-134
1976-10-01,996,453,-543
1976-10-04,699,663,-36
1976-10-05,1022,418,-604
1976-10-06,947,455,-492
1976-10-07,542,886,344
1976-10-08,954,463,-491
1976-10-11,1207,247,-960
1976-10-12,987,410,-577
1976-10-13,407,1022,615
1976-10-14,985,436,-549
1976-10-15,614,750,136
1976-10-18,489,932,443
1976-10-19,731,648,-83
1976-10-20,596,777,181
1976-10-21,889,547,-342
1976-10-22,1019,379,-640
1976-10-25,686,664,-22
1976-10-26,427,991,564
1976-10-27,543,853,310
1976-10-28,689,670,-19
1976-10-29,375,1067,692
1976-11-01,572,829,257
1976-11-03,1193,313,-880
1976-11-04,347,1197,850
1976-11-05,939,534,-405
1976-11-08,1124,374,-750
1976-11-09,873,565,-308
1976-11-10,843,565,-278
1976-11-11,560,786,226
1976-11-12,740,631,-109
1976-11-15,579,808,229
1976-11-16,543,900,357
1976-11-17,469,963,494
1976-11-18,353,1165,812
1976-11-19,543,919,376
1976-11-22,450,1057,607
1976-11-23,741,688,-53
1976-11-24,476,968,492
1976-11-26,438,945,507
1976-11-29,813,636,-177
1976-11-30,796,614,-182
1976-12-01,528,899,371
1976-12-02,667,763,96
1976-12-03,479,982,503
1976-12-06,353,1169,816
1976-12-07,662,855,193
1976-12-08,505,968,463
1976-12-09,482,1039,557
1976-12-10,594,904,310
1976-12-13,636,877,241
1976-12-14,620,863,243
1976-12-15,636,896,260
1976-12-16,851,647,-204
1976-12-17,782,690,-92
1976-12-20,1004,523,-481
1976-12-21,661,826,165
1976-12-22,509,985,476
1976-12-23,786,726,-60
1976-12-27,409,1110,701
1976-12-28,450,1050,600
1976-12-29,749,708,-41
1976-12-30,433,1061,628
1976-12-31,394,1125,731
1977-01-03,645,861,216
1977-01-04,965,588,-377
1977-01-05,1047,491,-556
1977-01-06,548,949,401
1977-01-07,635,843,208
1977-01-10,677,813,136
1977-01-11,1077,452,-625
1977-01-12,1140,410,-730
1977-01-13,451,1038,587
1977-01-14,622,817,195
1977-01-17,799,656,-143
1977-01-18,850,634,-216
1977-01-19,503,998,495
1977-01-20,914,547,-367
1977-01-21,567,928,361
1977-01-24,685,804,119
1977-01-25,583,882,299
1977-01-26,907,549,-358
1977-01-27,957,492,-465
1977-01-28,777,699,-78
1977-01-31,922,603,-319
1977-02-01,529,923,394
1977-02-02,723,729,6
1977-02-03,877,542,-335
1977-02-04,601,844,243
1977-02-07,693,735,42
1977-02-08,737,671,-66
1977-02-09,1029,405,-624
1977-02-10,722,728,6
1977-02-11,864,540,-324
1977-02-14,701,738,37
1977-02-15,602,840,238
1977-02-16,572,884,312
1977-02-17,918,480,-438
1977-02-18,798,573,-225
1977-02-22,780,670,-110
1977-02-23,796,609,-187
1977-02-24,992,459,-533
1977-02-25,841,555,-286
1977-02-28,694,709,15
1977-03-01,409,1041,632
1977-03-02,701,682,-19
1977-03-03,563,811,248
1977-03-04,501,873,372
1977-03-07,623,791,168
1977-03-08,761,650,-111
1977-03-09,995,433,-562
1977-03-10,566,822,256
1977-03-11,584,796,212
1977-03-14,545,896,351
1977-03-15,514,964,450
1977-03-16,630,809,179
1977-03-17,709,676,-33
1977-03-18,729,650,-79
1977-03-21,894,552,-342
1977-03-22,801,562,-239
1977-03-23,895,474,-421
1977-03-24,870,506,-364
1977-03-25,893,513,-380
1977-03-28,882,480,-402
1977-03-29,508,866,358
1977-03-30,1051,375,-676
1977-03-31,759,601,-158
1977-04-01,438,972,534
1977-04-04,994,442,-552
1977-04-05,888,485,-403
1977-04-06,691,651,-40
1977-04-07,580,779,199
1977-04-11,536,857,321
1977-04-12,312,1192,880
1977-04-13,625,780,155
1977-04-14,370,1142,772
1977-04-15,686,754,68
1977-04-18,811,610,-201
1977-04-19,805,653,-152
1977-04-20,538,886,348
1977-04-21,907,564,-343
1977-04-22,1098,383,-715
1977-04-25,1213,304,-909
1977-04-26,742,611,-131
1977-04-27,372,1068,696
1977-04-28,632,784,152
1977-04-29,545,838,293
1977-05-02,488,891,403
1977-05-03,475,963,488
1977-05-04,499,922,423
1977-05-05,610,825,215
1977-05-06,802,595,-207
1977-05-09,743,607,-136
1977-05-10,578,855,277
1977-05-11,874,533,-341
1977-05-12,708,652,-56
1977-05-13,537,859,322
1977-05-16,530,930,400
1977-05-17,661,751,90
1977-05-18,467,965,498
1977-05-19,773,607,-166
1977-05-20,797,592,-205
1977-05-23,1175,327,-848
1977-05-24,1055,415,-640
1977-05-25,1073,411,-662
1977-05-26,775,628,-147
1977-05-27,862,503,-359
1977-05-31,902,509,-393
1977-06-01,442,973,531
1977-06-02,695,698,3
1977-06-03,394,1025,631
1977-06-06,775,599,-176
1977-06-07,592,782,190
1977-06-08,473,963,490
1977-06-09,652,755,103
1977-06-10,542,860,318
1977-06-13,599,782,183
1977-06-14,422,1072,650
1977-06-15,704,726,22
1977-06-16,574,799,225
1977-06-17,563,807,244
1977-06-20,513,911,398
1977-06-21,561,876,315
1977-06-22,782,669,-113
1977-06-23,504,865,361
1977-06-24,469,975,506
1977-06-27,708,710,2
1977-06-28,920,524,-396
1977-06-29,716,670,-46
1977-06-30,546,845,299
1977-07-01,694,674,-20
1977-07-05,645,749,104
1977-07-06,848,577,-271
1977-07-07,604,795,191
1977-07-08,570,796,226
1977-07-11,736,683,-53
1977-07-12,744,680,-64
1977-07-13,704,695,-9
1977-07-15,572,896,324
1977-07-18,530,937,407
1977-07-19,539,954,415
1977-07-20,703,768,65
1977-07-21,765,655,-110
1977-07-22,624,789,165
1977-07-25,952,470,-482
1977-07-26,946,479,-467
1977-07-27,1327,262,-1065
1977-07-28,839,609,-230
1977-07-29,785,630,-155
1977-08-01,604,828,224
1977-08-02,998,430,-568
1977-08-03,909,486,-423
1977-08-04,473,901,428
1977-08-05,636,777,141
1977-08-08,950,475,-475
1977-08-09,687,682,-5
1977-08-10,490,908,418
1977-08-11,784,594,-190
1977-08-12,893,469,-424
1977-08-15,738,649,-89
1977-08-16,813,572,-241
1977-08-17,735,582,-153
1977-08-18,695,658,-37
1977-08-19,765,558,-207
1977-08-22,672,719,47
1977-08-23,712,695,-17
1977-08-24,844,575,-269
1977-08-25,1013,379,-634
1977-08-26,787,550,-237
1977-08-29,389,1011,622
1977-08-30,781,555,-226
1977-08-31,697,686,-11
1977-09-01,514,854,340
1977-09-02,413,934,521
1977-09-06,605,737,132
1977-09-07,599,774,175
1977-09-08,849,534,-315
1977-09-09,1032,388,-644
1977-09-12,893,495,-398
1977-09-13,706,609,-97
1977-09-14,547,823,276
1977-09-15,539,917,378
1977-09-16,720,664,-56
1977-09-19,935,449,-486
1977-09-20,748,583,-165
1977-09-21,985,461,-524
1977-09-22,735,571,-164
1977-09-23,671,679,8
1977-09-26,724,624,-100
1977-09-27,701,617,-84
1977-09-28,715,613,-102
1977-09-29,483,864,381
1977-09-30,386,1041,655
1977-10-03,553,875,322
1977-10-04,796,603,-193
1977-10-05,789,527,-262
1977-10-06,581,779,198
1977-10-07,617,740,123
1977-10-10,735,567,-168
1977-10-11,972,442,-530
1977-10-12,1251,252,-999
1977-10-13,1121,321,-800
1977-10-14,699,658,-41
1977-10-17,848,553,-295
1977-10-18,622,697,75
1977-10-19,962,426,-536
1977-10-20,733,680,-53
1977-10-21,793,594,-199
1977-10-24,972,450,-522
1977-10-25,1154,336,-818
1977-10-26,454,1006,552
1977-10-27,488,926,438
1977-10-28,531,838,307
1977-10-31,698,658,-40
1977-11-01,1103,358,-745
1977-11-02,966,451,-515
1977-11-03,670,655,-15
1977-11-04,353,1115,762
1977-11-07,394,1059,665
1977-11-08,560,790,230
1977-11-09,509,887,378
1977-11-10,229,1376,1147
1977-11-11,313,1237,924
1977-11-14,817,679,-138
1977-11-15,486,978,492
1977-11-16,764,700,-64
1977-11-17,743,654,-89
1977-11-18,586,821,235
1977-11-21,681,704,23
1977-11-22,432,1062,630
1977-11-23,441,1048,607
1977-11-25,518,871,353
1977-11-28,862,604,-258
1977-11-29,1169,361,-808
1977-11-30,676,752,76
1977-12-01,596,844,248
1977-12-02,640,777,137
1977-12-05,854,591,-263
1977-12-06,1350,255,-1095
1977-12-07,821,579,-242
1977-12-08,593,750,157
1977-12-09,501,897,396
1977-12-12,685,731,46
1977-12-13,776,628,-148
1977-12-14,653,763,110
1977-12-15,755,661,-94
1977-12-16,727,650,-77
1977-12-19,1063,412,-651
1977-12-20,963,456,-507
1977-12-21,561,883,322
1977-12-22,577,939,362
1977-12-23,413,1053,640
1977-12-27,769,649,-120
1977-12-28,663,719,56
1977-12-29,616,801,185
1977-12-30,653,813,160
1978-01-03,1055,426,-629
1978-01-04,933,503,-430
1978-01-05,845,559,-286
1978-01-06,1279,257,-1022
1978-01-09,1307,273,-1034
1978-01-10,1029,438,-591
1978-01-11,881,541,-340
1978-01-12,606,753,147
1978-01-13,606,751,145
1978-01-16,938,471,-467
1978-01-17,490,920,430
1978-01-18,414,1024,610
1978-01-19,711,671,-40
1978-01-20,622,538,-84
1978-01-23,929,453,-476
1978-01-24,695,678,-17
1978-01-25,582,750,168
1978-01-26,893,461,-432
1978-01-27,733,577,-156
1978-01-30,506,873,367
1978-01-31,676,689,13
1978-02-01,430,943,513
1978-02-02,498,899,401
1978-02-03,637,684,47
1978-02-06,659,571,-88
1978-02-07,409,872,463
1978-02-08,451,959,508
1978-02-09,787,570,-217
1978-02-10,690,678,-12
1978-02-13,794,580,-214
1978-02-14,984,418,-566
1978-02-15,830,487,-343
1978-02-16,1041,383,-658
1978-02-17,662,689,27
1978-02-21,925,496,-429
1978-02-22,611,733,122
1978-02-23,606,726,120
1978-02-24,405,1021,616
1978-02-27,850,536,-314
1978-02-28,1039,396,-643
1978-03-01,669,658,-11
1978-03-02,570,743,173
1978-03-03,543,754,211
1978-03-06,891,445,-446
1978-03-07,512,847,335
1978-03-08,454,890,436
1978-03-09,480,849,369
1978-03-10,327,1147,820
1978-03-13,603,787,184
1978-03-14,555,800,245
1978-03-15,709,685,-24
1978-03-16,513,845,332
1978-03-17,434,1011,577
1978-03-20,472,1014,542
1978-03-21,932,491,-441
1978-03-22,790,556,-234
1978-03-23,609,717,108
1978-03-27,765,578,-187
1978-03-28,504,909,405
1978-03-29,507,883,376
1978-03-30,754,599,-155
1978-03-31,755,587,-168
1978-04-03,1071,405,-666
1978-04-04,506,841,335
1978-04-05,428,1027,599
1978-04-06,601,821,220
1978-04-07,543,878,335
1978-04-10,618,793,175
1978-04-11,750,614,-136
1978-04-12,637,742,105
1978-04-13,407,1039,632
1978-04-14,350,1238,888
1978-04-17,542,1061,519
1978-04-18,1108,441,-667
1978-04-19,623,878,255
1978-04-20,475,1031,556
1978-04-21,715,724,9
1978-04-24,469,1029,560
1978-04-25,593,989,396
1978-04-26,749,773,24
1978-04-27,1044,448,-596
1978-04-28,532,940,408
1978-05-01,517,1008,491
1978-05-02,810,676,-134
1978-05-03,898,577,-321
1978-05-04,774,692,-82
1978-05-05,496,1005,509
1978-05-08,806,699,-107
1978-05-09,790,692,-98
1978-05-10,597,805,208
1978-05-11,514,1010,496
1978-05-12,503,1018,515
1978-05-15,651,827,176
1978-05-16,533,997,464
1978-05-17,684,793,109
1978-05-18,949,581,-368
1978-05-19,893,580,-313
1978-05-22,568,942,374
1978-05-23,1003,497,-506
1978-05-24,1230,323,-907
1978-05-25,779,685,-94
1978-05-26,814,600,-214
1978-05-30,629,741,112
1978-05-31,531,941,410
1978-06-01,722,715,-7
1978-06-02,541,927,386
1978-06-05,405,1160,755
1978-06-06,561,1032,471
1978-06-07,787,726,-61
1978-06-08,599,883,284
1978-06-09,729,706,-23
1978-06-12,831,648,-183
1978-06-13,837,660,-177
1978-06-14,674,798,124
1978-06-15,1132,359,-773
1978-06-16,1099,359,-740
1978-06-19,1016,515,-501
1978-06-20,1086,422,-664
1978-06-21,1154,348,-806
1978-06-22,650,755,105
1978-06-23,747,699,-48
1978-06-26,1214,316,-898
1978-06-27,787,643,-144
1978-06-28,573,828,255
1978-06-29,585,831,246
1978-06-30,662,689,27
1978-07-03,729,588,-141
1978-07-05,1119,379,-740
1978-07-06,843,602,-241
1978-07-07,458,971,513
1978-07-10,645,808,163
1978-07-11,526,945,419
1978-07-12,514,883,369
1978-07-13,722,695,-27
1978-07-14,419,1073,654
1978-07-17,590,914,324
1978-07-18,969,492,-477
1978-07-19,448,994,546
1978-07-20,657,823,166
1978-07-21,868,577,-291
1978-07-24,829,624,-205
1978-07-25,517,909,392
1978-07-26,476,980,504
1978-07-27,491,1018,527
1978-07-28,535,968,433
1978-07-31,478,1081,603
1978-08-01,679,842,163
1978-08-02,322,1292,970
1978-08-03,636,1007,371
1978-08-04,670,891,221
1978-08-07,648,876,228
1978-08-08,594,915,321
1978-08-09,510,1118,608
1978-08-10,898,635,-263
1978-08-11,618,871,253
1978-08-14,672,854,182
1978-08-15,875,608,-267
1978-08-16,528,1016,488
1978-08-17,529,1026,497
1978-08-18,774,730,-44
1978-08-21,1091,430,-661
1978-08-22,701,761,60
1978-08-23,483,1030,547
1978-08-24,609,884,275
1978-08-25,753,766,13
1978-08-28,1060,514,-546
1978-08-29,961,569,-392
1978-08-30,678,807,129
1978-08-31,826,659,-167
1978-09-01,593,871,278
1978-09-05,653,844,191
1978-09-06,431,1137,706
1978-09-07,602,890,288
1978-09-08,424,1161,737
1978-09-11,604,960,356
1978-09-12,767,707,-60
1978-09-13,867,712,-155
1978-09-14,1198,382,-816
1978-09-15,1200,368,-832
1978-09-18,1191,389,-802
1978-09-19,1106,420,-686
1978-09-20,1161,354,-807
1978-09-21,897,613,-284
1978-09-22,652,807,155
1978-09-25,802,656,-146
1978-09-26,460,1001,541
1978-09-27,974,511,-463
1978-09-28,742,695,-47
1978-09-29,504,941,437
1978-10-02,614,784,170
1978-10-03,827,641,-186
1978-10-04,702,738,36
1978-10-05,591,878,287
1978-10-06,623,830,207
1978-10-09,441,1015,574
1978-10-10,752,720,-32
1978-10-11,592,802,210
1978-10-12,811,663,-148
1978-10-13,870,534,-336
1978-10-16,1376,224,-1152
1978-10-17,1546,145,-1401
1978-10-18,1219,300,-919
1978-10-19,1261,273,-988
1978-10-20,1561,144,-1417
1978-10-23,1052,522,-530
1978-10-24,841,665,-176
1978-10-25,846,634,-212
1978-10-26,1471,163,-1308
1978-10-27,1468,189,-1279
1978-10-30,1284,451,-833
1978-10-31,1118,492,-626
1978-11-01,235,1506,1271
1978-11-02,878,677,-201
1978-11-03,657,833,176
1978-11-06,906,600,-306
1978-11-07,1421,206,-1215
1978-11-08,768,688,-80
1978-11-09,564,890,326
1978-11-10,469,974,505
1978-11-13,1263,301,-962
1978-11-14,1325,251,-1074
1978-11-15,556,901,345
1978-11-16,495,950,455
1978-11-17,360,1133,773
1978-11-20,420,1120,700
1978-11-21,665,744,79
1978-11-22,499,971,472
1978-11-24,460,879,419
1978-11-27,629,837,208
1978-11-28,906,532,-374
1978-11-29,1262,267,-995
1978-11-30,513,924,411
1978-12-01,270,1293,1023
1978-12-04,660,804,144
1978-12-05,421,1106,685
1978-12-06,588,889,301
1978-12-07,829,614,-215
1978-12-08,860,535,-325
1978-12-11,656,837,181
1978-12-12,941,521,-420
1978-12-13,1008,458,-550
1978-12-14,890,578,-312
1978-12-15,1065,418,-647
1978-12-18,1580,132,-1448
1978-12-19,642,816,174
1978-12-20,662,818,156
1978-12-21,687,822,135
1978-12-22,316,1228,912
1978-12-26,557,879,322
1978-12-27,1043,455,-588
1978-12-28,1049,465,-584
1978-12-29,758,800,42
1979-01-02,466,1017,551
1979-01-03,263,1349,1086
1979-01-04,340,1242,902
1979-01-05,386,1160,774
1979-01-08,873,586,-287
1979-01-09,468,1003,535
1979-01-10,861,583,-278
1979-01-11,648,736,88
1979-01-12,334,1195,861
1979-01-15,571,906,335
1979-01-16,1101,433,-668
1979-01-17,857,595,-262
1979-01-18,520,921,401
1979-01-19,606,792,186
1979-01-22,773,664,-109
1979-01-23,515,957,442
1979-01-24,828,665,-163
1979-01-25,450,1042,592
1979-01-26,500,980,480
1979-01-29,763,706,-57
1979-01-30,786,608,-178
1979-01-31,1041,472,-569
1979-02-01,760,637,-123
1979-02-02,736,655,-81
1979-02-05,1259,324,-935
1979-02-06,722,693,-29
1979-02-07,1185,316,-869
1979-02-08,526,887,361
1979-02-09,551,804,253
1979-02-12,736,643,-93
1979-02-13,405,1058,653
1979-02-14,702,707,5
1979-02-15,797,598,-199
1979-02-16,654,725,71
1979-02-20,541,877,336
1979-02-21,745,660,-85
1979-02-22,901,487,-414
1979-02-23,922,461,-461
1979-02-26,760,574,-186
1979-02-27,1409,189,-1220
1979-02-28,736,655,-81
1979-03-01,443,945,502
1979-03-02,599,797,198
1979-03-05,361,1113,752
1979-03-06,737,604,-133
1979-03-07,383,1034,651
1979-03-08,441,1041,600
1979-03-09,643,807,164
1979-03-12,683,718,35
1979-03-13,586,869,283
1979-03-14,717,691,-26
1979-03-15,602,773,171
1979-03-16,484,944,460
1979-03-19,594,891,297
1979-03-20,886,523,-363
1979-03-21,540,893,353
1979-03-22,508,928,420
1979-03-23,667,764,97
1979-03-26,929,521,-408
1979-03-27,413,1091,678
1979-03-28,786,747,-39
1979-03-29,637,758,121
1979-03-30,757,662,-95
1979-04-02,1052,438,-614
1979-04-03,363,1176,813
1979-04-04,582,929,347
1979-04-05,566,911,345
1979-04-06,691,750,59
1979-04-09,903,576,-327
1979-04-10,547,885,338
1979-04-11,991,461,-530
1979-04-12,788,609,-179
1979-04-16,1154,362,-792
1979-04-17,785,644,-141
1979-04-18,499,928,429
1979-04-19,807,620,-187
1979-04-20,724,656,-68
1979-04-23,644,778,134
1979-04-24,545,922,377
1979-04-25,627,796,169
1979-04-26,913,519,-394
1979-04-27,905,534,-371
1979-04-30,760,644,-116
1979-05-01,710,738,28
1979-05-02,715,663,-52
1979-05-03,702,689,-13
1979-05-04,1067,378,-689
1979-05-07,1430,193,-1237
1979-05-08,937,518,-419
1979-05-09,568,903,335
1979-05-10,1046,430,-616
1979-05-11,650,716,66
1979-05-14,905,512,-393
1979-05-15,683,702,19
1979-05-16,668,694,26
1979-05-17,354,1169,815
1979-05-18,637,835,198
1979-05-21,610,838,228
1979-05-22,571,906,335
1979-05-23,734,718,-16
1979-05-24,640,811,171
1979-05-25,566,877,311
1979-05-29,798,663,-135
1979-05-30,1126,354,-772
1979-05-31,751,729,-22
1979-06-01,644,761,117
1979-06-04,664,759,95
1979-06-05,381,1103,722
1979-06-06,575,1003,428
1979-06-07,500,1019,519
1979-06-08,708,714,6
1979-06-11,687,761,74
1979-06-12,368,1247,879
1979-06-13,719,791,72
1979-06-14,839,645,-194
1979-06-15,657,765,108
1979-06-18,872,558,-314
1979-06-19,696,747,51
1979-06-20,634,781,147
1979-06-21,566,876,310
1979-06-22,592,894,302
1979-06-25,979,515,-464
1979-06-26,856,582,-274
1979-06-27,522,869,347
1979-06-28,544,886,342
1979-06-29,731,755,24
1979-07-02,1102,431,-671
1979-07-03,590,826,236
1979-07-05,539,862,323
1979-07-06,389,1084,695
1979-07-09,496,1004,508
1979-07-10,820,666,-154
1979-07-11,884,577,-307
1979-07-12,967,481,-486
1979-07-13,900,524,-376
1979-07-16,594,824,230
1979-07-17,1066,424,-642
1979-07-18,976,469,-507
1979-07-19,614,790,176
1979-07-20,605,777,172
1979-07-23,834,572,-262
1979-07-24,594,820,226
1979-07-25,407,1088,681
1979-07-26,598,802,204
1979-07-27,576,778,202
1979-07-30,663,776,113
1979-07-31,480,998,518
1979-08-01,570,894,324
1979-08-02,653,822,169
1979-08-03,745,660,-85
1979-08-06,651,761,110
1979-08-07,403,1153,750
1979-08-08,526,932,406
1979-08-09,766,672,-94
1979-08-10,458,995,537
1979-08-13,449,1091,642
1979-08-14,650,845,195
1979-08-15,531,933,402
1979-08-16,789,702,-87
1979-08-17,732,691,-41
1979-08-20,648,818,170
1979-08-21,723,727,4
1979-08-22,688,749,61
1979-08-23,839,632,-207
1979-08-24,818,624,-194
1979-08-27,581,920,339
1979-08-28,744,671,-73
1979-08-29,726,715,-11
1979-08-30,725,710,-15
1979-08-31,543,869,326
1979-09-04,1246,308,-938
1979-09-05,1416,216,-1200
1979-09-06,577,915,338
1979-09-07,595,821,226
1979-09-10,608,824,216
1979-09-11,1050,468,-582
1979-09-12,655,816,161
1979-09-13,718,746,28
1979-09-14,482,1010,528
1979-09-17,781,666,-115
1979-09-18,1140,368,-772
1979-09-19,711,700,-11
1979-09-20,576,918,342
1979-09-21,668,850,182
1979-09-24,1043,475,-568
1979-09-25,874,610,-264
1979-09-26,571,847,276
1979-09-27,737,663,-74
1979-09-28,931,512,-419
1979-10-01,1012,441,-571
1979-10-02,548,932,384
1979-10-03,638,836,198
1979-10-04,602,890,288
1979-10-05,531,975,444
1979-10-08,1266,300,-966
1979-10-09,1765,74,-1691
1979-10-10,1657,133,-1524
1979-10-11,707,872,165
1979-10-12,737,756,19
1979-10-15,1313,266,-1047
1979-10-16,822,634,-188
1979-10-17,570,851,281
1979-10-18,695,731,36
1979-10-19,1512,162,-1350
1979-10-22,1548,165,-1383
1979-10-23,971,545,-426
1979-10-24,683,766,83
1979-10-25,799,649,-150
1979-10-26,514,965,451
1979-10-29,669,753,84
1979-10-30,348,1146,798
1979-10-31,788,645,-143
1979-11-01,511,916,405
1979-11-02,622,829,207
1979-11-05,1002,411,-591
1979-11-06,975,453,-522
1979-11-07,1249,283,-966
1979-11-08,597,832,235
1979-11-09,312,1159,847
1979-11-12,368,1150,782
1979-11-13,766,705,-61
1979-11-14,609,830,221
1979-11-15,493,986,493
1979-11-16,848,587,-261
1979-11-19,670,799,129
1979-11-20,891,578,-313
1979-11-21,781,682,-99
1979-11-23,467,946,479
1979-11-26,250,1460,1210
1979-11-27,561,1082,521
1979-11-28,572,989,417
1979-11-29,631,891,260
1979-11-30,892,639,-253
1979-12-03,876,645,-231
1979-12-04,554,981,427
1979-12-05,557,965,408
1979-12-06,555,957,402
1979-12-07,685,853,168
1979-12-10,692,829,137
1979-12-11,863,687,-176
1979-12-12,774,742,-32
1979-12-13,785,708,-77
1979-12-14,553,994,441
1979-12-17,685,885,200
1979-12-18,1084,488,-596
1979-12-19,871,614,-257
1979-12-20,722,796,74
1979-12-21,934,586,-348
1979-12-24,699,714,15
1979-12-26,701,738,37
1979-12-27,795,706,-89
1979-12-28,739,743,4
1979-12-31,756,755,-1
1980-01-02,1148,442,-706
1980-01-03,1143,455,-688
1980-01-04,296,1246,950
1980-01-07,625,914,289
1980-01-08,341,1208,867
1980-01-09,524,1034,510
1980-01-10,451,1082,631
1980-01-11,585,965,380
1980-01-14,662,910,248
1980-01-15,761,776,15
1980-01-16,747,801,54
1980-01-17,850,661,-189
1980-01-18,809,713,-96
1980-01-21,643,917,274
1980-01-22,980,549,-431
1980-01-23,538,979,441
1980-01-24,681,867,186
1980-01-25,832,660,-172
1980-01-28,671,877,206
1980-01-29,1020,527,-493
1980-01-30,628,907,279
1980-01-31,913,636,-277
1980-02-01,669,778,109
1980-02-04,821,686,-135
1980-02-05,798,683,-115
1980-02-06,807,765,-42
1980-02-07,748,802,54
1980-02-08,656,878,222
1980-02-11,1000,565,-435
1980-02-12,772,744,-28
1980-02-13,750,799,49
1980-02-14,1104,415,-689
1980-02-15,1130,382,-748
1980-02-19,1236,351,-885
1980-02-20,661,868,207
1980-02-21,1134,434,-700
1980-02-22,1155,374,-781
1980-02-25,1263,315,-948
1980-02-26,822,654,-168
1980-02-27,1045,479,-566
1980-02-28,831,642,-189
1980-02-29,554,929,375
1980-03-03,1005,539,-466
1980-03-04,1077,466,-611
1980-03-05,1304,285,-1019
1980-03-06,1502,174,-1328
1980-03-07,1235,349,-886
1980-03-10,1185,428,-757
1980-03-11,475,1088,613
1980-03-12,946,537,-409
1980-03-13,936,507,-429
1980-03-14,875,604,-271
1980-03-17,1483,202,-1281
1980-03-18,779,800,21
1980-03-19,583,887,304
1980-03-20,949,512,-437
1980-03-21,983,478,-505
1980-03-24,1513,136,-1377
1980-03-25,1123,412,-711
1980-03-26,775,736,-39
1980-03-27,1590,141,-1449
1980-03-28,267,1401,1134
1980-03-31,428,1190,762
1980-04-01,565,963,398
1980-04-02,500,1018,518
1980-04-03,730,718,-12
1980-04-07,1217,342,-875
1980-04-08,551,968,417
1980-04-09,358,1159,801
1980-04-10,356,1237,881
1980-04-11,615,963,348
1980-04-14,1036,497,-539
1980-04-15,827,657,-170
1980-04-16,862,747,-115
1980-04-17,891,653,-238
1980-04-18,715,796,81
1980-04-21,1036,470,-566
1980-04-22,261,1402,1141
1980-04-23,488,1087,599
1980-04-24,498,1021,523
1980-04-25,779,662,-117
1980-04-28,563,952,389
1980-04-29,574,900,326
1980-04-30,650,804,154
1980-05-01,851,607,-244
1980-05-02,651,747,96
1980-05-05,480,1027,547
1980-05-06,565,973,408
1980-05-07,443,1144,701
1980-05-08,796,765,-31
1980-05-09,996,511,-485
1980-05-12,783,721,-62
1980-05-13,425,1075,650
1980-05-14,470,1064,594
1980-05-15,603,905,302
1980-05-16,622,835,213
1980-05-19,720,751,31
1980-05-20,786,699,-87
1980-05-21,759,712,-47
1980-05-22,399,1095,696
1980-05-23,388,1207,819
1980-05-27,512,1011,499
1980-05-28,671,839,168
1980-05-29,1045,506,-539
1980-05-30,610,837,227
1980-06-02,809,693,-116
1980-06-03,774,650,-124
1980-06-04,381,1161,780
1980-06-05,586,931,345
1980-06-06,550,913,363
1980-06-09,671,837,166
1980-06-10,550,969,419
1980-06-11,559,983,424
1980-06-12,811,694,-117
1980-06-13,483,1097,614
1980-06-16,704,813,109
1980-06-17,662,856,194
1980-06-18,786,706,-80
1980-06-19,1063,477,-586
1980-06-20,890,563,-327
1980-06-23,602,839,237
1980-06-24,569,883,314
1980-06-25,465,1078,613
1980-06-26,821,679,-142
1980-06-27,784,666,-118
1980-06-30,1175,361,-814
1980-07-01,641,834,193
1980-07-02,540,926,386
1980-07-03,384,1152,768
1980-07-07,501,1035,534
1980-07-08,787,758,-29
1980-07-09,670,836,166
1980-07-10,907,568,-339
1980-07-11,592,914,322
1980-07-14,381,1206,825
1980-07-15,725,825,100
1980-07-16,639,875,236
1980-07-17,445,1077,632
1980-07-18,578,953,375
1980-07-21,724,820,96
1980-07-22,761,760,-1
1980-07-23,873,644,-229
1980-07-24,792,684,-108
1980-07-25,1047,469,-578
1980-07-28,697,783,86
1980-07-29,551,967,416
1980-07-30,600,972,372
1980-07-31,939,614,-325
1980-08-01,764,774,10
1980-08-04,905,623,-282
1980-08-05,702,825,123
1980-08-06,572,927,355
1980-08-07,471,1149,678
1980-08-08,635,907,272
1980-08-11,601,957,356
1980-08-12,972,563,-409
1980-08-13,790,669,-121
1980-08-14,432,1112,680
1980-08-15,655,855,200
1980-08-18,1392,268,-1124
1980-08-19,1070,458,-612
1980-08-20,604,897,293
1980-08-21,379,1187,808
1980-08-22,538,1007,469
1980-08-25,946,588,-358
1980-08-26,803,694,-109
1980-08-27,1111,432,-679
1980-08-28,1163,386,-777
1980-08-29,705,753,48
1980-09-02,511,1049,538
1980-09-03,307,1355,1048
1980-09-04,784,795,11
1980-09-05,798,710,-88
1980-09-08,1124,465,-659
1980-09-09,689,840,151
1980-09-10,498,1047,549
1980-09-11,520,989,469
1980-09-12,684,814,130
1980-09-15,762,757,-5
1980-09-16,503,1056,553
1980-09-17,478,1100,622
1980-09-18,876,717,-159
1980-09-19,586,970,384
1980-09-22,810,749,-61
1980-09-23,1153,491,-662
1980-09-24,939,603,-336
1980-09-25,1063,485,-578
1980-09-26,1478,196,-1282
1980-09-29,1578,143,-1435
1980-09-30,447,1133,686
1980-10-01,627,907,280
1980-10-02,581,955,374
1980-10-03,431,1126,695
1980-10-06,388,1265,877
1980-10-07,870,724,-146
1980-10-08,652,885,233
1980-10-09,849,675,-174
1980-10-10,896,596,-300
1980-10-13,542,964,422
1980-10-14,702,816,114
1980-10-15,587,949,362
1980-10-16,1035,543,-492
1980-10-17,1005,531,-474
1980-10-20,774,744,-30
1980-10-21,935,572,-363
1980-10-22,754,735,-19
1980-10-23,1181,380,-801
1980-10-24,761,717,-44
1980-10-27,1176,384,-792
1980-10-28,912,597,-315
1980-10-29,775,674,-101
1980-10-30,1162,378,-784
1980-10-31,626,922,296
1980-11-03,596,956,360
1980-11-05,429,1215,786
1980-11-06,1391,268,-1123
1980-11-07,957,606,-351
1980-11-10,737,777,40
1980-11-11,488,1067,579
1980-11-12,386,1239,853
1980-11-13,469,1135,666
1980-11-14,696,869,173
1980-11-17,941,638,-303
1980-11-18,558,1066,508
1980-11-19,897,720,-177
1980-11-20,727,885,158
1980-11-21,1101,508,-593
1980-11-24,1108,484,-624
1980-11-25,655,941,286
1980-11-26,780,794,14
1980-11-28,793,709,-84
1980-12-01,1327,354,-973
1980-12-02,1038,543,-495
1980-12-03,779,784,5
1980-12-04,741,836,95
1980-12-05,1239,387,-852
1980-12-08,1542,194,-1348
1980-12-09,1045,558,-487
1980-12-10,1211,401,-810
1980-12-11,1411,275,-1136
1980-12-12,537,1053,516
1980-12-15,781,780,-1
1980-12-16,824,732,-92
1980-12-17,587,971,384
1980-12-18,561,1093,532
1980-12-19,585,1085,500
1980-12-22,446,1236,790
1980-12-23,695,999,304
1980-12-24,637,947,310
1980-12-26,581,850,269
1980-12-29,1112,558,-554
1980-12-30,820,775,-45
1980-12-31,592,1037,445
1981-01-02,495,1061,566
1981-01-05,433,1326,893
1981-01-06,640,1049,409
1981-01-07,1552,219,-1333
1981-01-08,1028,574,-454
1981-01-09,620,909,289
1981-01-12,633,928,295
1981-01-13,993,578,-415
1981-01-14,612,914,302
1981-01-15,691,789,98
1981-01-16,642,880,238
1981-01-19,750,740,-10
1981-01-20,1172,371,-801
1981-01-21,954,547,-407
1981-01-22,1024,467,-557
1981-01-23,780,683,-97
1981-01-26,898,564,-334
1981-01-27,559,943,384
1981-01-28,788,686,-102
1981-01-29,710,774,64
1981-01-30,776,727,-49
1981-02-02,1320,293,-1027
1981-02-03,606,914,308
1981-02-04,554,923,369
1981-02-05,429,1092,663
1981-02-06,543,977,434
1981-02-09,912,591,-321
1981-02-10,819,656,-163
1981-02-11,915,544,-371
1981-02-12,959,460,-499
1981-02-13,907,536,-371
1981-02-17,735,750,15
1981-02-18,662,829,167
1981-02-19,1117,418,-699
1981-02-20,835,639,-196
1981-02-23,641,838,197
1981-02-24,569,886,317
1981-02-25,719,756,37
1981-02-26,414,1115,701
1981-02-27,466,1032,566
1981-03-02,618,947,329
1981-03-03,867,635,-232
1981-03-04,668,813,145
1981-03-05,767,720,-47
1981-03-06,677,796,119
1981-03-09,564,992,428
1981-03-10,802,730,-72
1981-03-11,870,655,-215
1981-03-12,347,1195,848
1981-03-13,600,978,378
1981-03-16,498,1086,588
1981-03-17,763,835,72
1981-03-18,619,966,347
1981-03-19,692,868,176
1981-03-20,489,1058,569
1981-03-23,609,990,381
1981-03-24,935,659,-276
1981-03-25,510,1097,587
1981-03-26,860,703,-157
1981-03-27,1014,498,-516
1981-03-30,816,677,-139
1981-03-31,416,1156,740
1981-04-01,614,932,318
1981-04-02,753,769,16
1981-04-03,888,638,-250
1981-04-06,1211,397,-814
1981-04-07,775,731,-44
1981-04-08,656,863,207
1981-04-09,637,901,264
1981-04-10,672,851,179
1981-04-13,1107,495,-612
1981-04-14,942,556,-386
1981-04-15,502,1039,537
1981-04-16,602,940,338
1981-04-20,728,829,101
1981-04-21,919,619,-300
1981-04-22,795,750,-45
1981-04-23,693,844,151
1981-04-24,583,953,370
1981-04-27,755,807,52
1981-04-28,1179,443,-736
1981-04-29,1157,418,-739
1981-04-30,815,694,-121
1981-05-01,933,591,-342
1981-05-04,1441,241,-1200
1981-05-05,1106,474,-632
1981-05-06,674,822,148
1981-05-07,610,909,299
1981-05-08,622,831,209
1981-05-11,1146,441,-705
1981-05-12,685,815,130
1981-05-13,648,857,209
1981-05-14,555,955,400
1981-05-15,531,1003,472
1981-05-18,682,884,202
1981-05-19,892,619,-273
1981-05-20,647,829,182
1981-05-21,816,705,-111
1981-05-22,671,788,117
1981-05-26,605,916,311
1981-05-27,527,1039,512
1981-05-28,657,900,243
1981-05-29,802,772,-30
1981-06-01,689,927,238
1981-06-02,1134,478,-656
1981-06-03,845,653,-192
1981-06-04,751,785,34
1981-06-05,617,897,280
1981-06-08,714,804,90
1981-06-09,873,682,-191
1981-06-10,647,915,268
1981-06-11,442,1146,704
1981-06-12,680,888,208
1981-06-15,636,1036,400
1981-06-16,1022,583,-439
1981-06-17,751,782,31
1981-06-18,1108,459,-649
1981-06-19,814,707,-107
1981-06-22,820,709,-111
1981-06-23,581,981,400
1981-06-24,913,566,-347
1981-06-25,759,725,-34
1981-06-26,886,603,-283
1981-06-29,1049,491,-558
1981-06-30,1062,479,-583
1981-07-01,1120,434,-686
1981-07-02,1088,450,-638
1981-07-06,1193,355,-838
1981-07-07,819,695,-124
1981-07-08,777,667,-110
1981-07-09,614,856,242
1981-07-10,647,770,123
1981-07-13,708,767,59
1981-07-14,957,524,-433
1981-07-15,604,901,297
1981-07-16,689,761,72
1981-07-17,621,794,173
1981-07-20,1302,298,-1004
1981-07-21,1088,387,-701
1981-07-22,951,498,-453
1981-07-23,872,597,-275
1981-07-24,478,947,469
1981-07-27,550,958,408
1981-07-28,894,544,-350
1981-07-29,734,695,-39
1981-07-30,560,896,336
1981-07-31,509,986,477
1981-08-03,929,569,-360
1981-08-04,743,698,-45
1981-08-05,545,951,406
1981-08-06,644,830,186
1981-08-07,857,552,-305
1981-08-10,748,696,-52
1981-08-11,569,918,349
1981-08-12,721,760,39
1981-08-13,715,701,-14
1981-08-14,904,553,-351
1981-08-17,1149,391,-758
1981-08-18,1157,378,-779
1981-08-19,706,741,35
1981-08-20,635,775,140
1981-08-21,1009,422,-587
1981-08-24,1555,150,-1405
1981-08-25,1218,373,-845
1981-08-26,807,652,-155
1981-08-27,1073,411,-662
1981-08-28,644,779,135
1981-08-31,1017,495,-522
1981-09-01,863,598,-265
1981-09-02,564,861,297
1981-09-03,1237,305,-932
1981-09-04,1080,422,-658
1981-09-08,1405,212,-1193
1981-09-09,642,822,180
1981-09-10,399,1164,765
1981-09-11,399,1125,726
1981-09-14,930,599,-331
1981-09-15,820,634,-186
1981-09-16,1102,415,-687
1981-09-17,1157,368,-789
1981-09-18,1027,472,-555
1981-09-21,711,789,78
1981-09-22,815,665,-150
1981-09-23,1274,309,-965
1981-09-24,808,629,-179
1981-09-25,1504,155,-1349
1981-09-28,660,918,258
1981-09-29,366,1205,839
1981-09-30,710,791,81
1981-10-01,624,833,209
1981-10-02,311,1275,964
1981-10-05,544,1031,487
1981-10-06,794,668,-126
1981-10-07,361,1157,796
1981-10-08,446,1048,602
1981-10-09,740,783,43
1981-10-12,705,751,46
1981-10-13,744,720,-24
1981-10-14,1116,384,-732
1981-10-15,683,777,94
1981-10-16,800,657,-143
1981-10-19,899,610,-289
1981-10-20,538,974,436
1981-10-21,807,680,-127
1981-10-22,949,500,-449
1981-10-23,976,485,-491
1981-10-26,915,543,-372
1981-10-27,484,996,512
1981-10-28,613,843,230
1981-10-29,871,589,-282
1981-10-30,369,1211,842
1981-11-02,335,1286,951
1981-11-03,611,911,300
1981-11-04,727,785,58
1981-11-05,821,676,-145
1981-11-06,898,613,-285
1981-11-09,680,902,222
1981-11-10,733,833,100
1981-11-11,720,771,51
1981-11-12,567,988,421
1981-11-13,964,622,-342
1981-11-16,1186,435,-751
1981-11-17,673,876,203
1981-11-18,732,743,11
1981-11-19,721,772,51
1981-11-20,508,1048,540
1981-11-23,831,718,-113
1981-11-24,501,1057,556
1981-11-25,543,1017,474
1981-11-27,487,969,482
1981-11-30,569,998,429
1981-12-01,849,688,-161
1981-12-02,1059,482,-577
1981-12-03,774,741,-33
1981-12-04,504,1025,521
1981-12-07,1036,520,-516
1981-12-08,1039,471,-568
1981-12-09,717,751,34
1981-12-10,741,754,13
1981-12-11,947,566,-381
1981-12-14,1373,243,-1130
1981-12-15,741,790,49
1981-12-16,888,585,-303
1981-12-17,716,742,26
1981-12-18,571,957,386
1981-12-21,978,566,-412
1981-12-22,879,601,-278
1981-12-23,914,586,-328
1981-12-24,611,797,186
1981-12-28,907,562,-345
1981-12-29,985,549,-436
1981-12-30,668,820,152
1981-12-31,618,942,324
1982-01-04,577,964,387
1982-01-05,1185,402,-783
1982-01-06,1047,464,-583
1982-01-07,789,663,-126
1982-01-08,558,912,354
1982-01-11,1329,246,-1083
1982-01-12,1036,473,-563
1982-01-13,1090,389,-701
1982-01-14,662,723,61
1982-01-15,539,888,349
1982-01-18,695,774,79
1982-01-19,895,544,-351
1982-01-20,933,540,-393
1982-01-21,658,767,109
1982-01-22,830,595,-235
1982-01-25,1056,428,-628
1982-01-26,734,699,-35
1982-01-27,638,779,141
1982-01-28,266,1339,1073
1982-01-29,431,1143,712
1982-02-01,1155,401,-754
1982-02-02,610,826,216
1982-02-03,873,572,-301
1982-02-04,839,583,-256
1982-02-05,402,1040,638
1982-02-08,1334,276,-1058
1982-02-09,1071,388,-683
1982-02-10,524,911,387
1982-02-11,728,649,-79
1982-02-12,650,703,53
1982-02-16,976,505,-471
1982-02-17,696,698,2
1982-02-18,701,740,39
1982-02-19,859,574,-285
1982-02-22,878,622,-256
1982-02-23,815,674,-141
1982-02-24,477,1037,560
1982-02-25,532,956,424
1982-02-26,818,638,-180
1982-03-01,628,872,244
1982-03-02,653,834,181
1982-03-03,1109,442,-667
1982-03-04,1034,490,-544
1982-03-05,923,569,-354
1982-03-08,1037,518,-519
1982-03-09,689,810,121
1982-03-10,578,866,288
1982-03-11,766,661,-105
1982-03-12,997,427,-570
1982-03-15,729,695,-34
1982-03-16,633,773,140
1982-03-17,779,674,-105
1982-03-18,406,1021,615
1982-03-19,573,848,275
1982-03-22,303,1210,907
1982-03-23,528,972,444
1982-03-24,763,663,-100
1982-03-25,582,854,272
1982-03-26,927,497,-430
1982-03-29,733,676,-57
1982-03-30,668,676,8
1982-03-31,683,707,24
1982-04-01,377,1061,684
1982-04-02,466,1042,576
1982-04-05,719,739,20
1982-04-06,603,807,204
1982-04-07,612,787,175
1982-04-08,526,885,359
1982-04-12,767,669,-98
1982-04-13,627,796,169
1982-04-14,798,613,-185
1982-04-15,587,829,242
1982-04-16,491,954,463
1982-04-19,656,799,143
1982-04-20,918,578,-340
1982-04-21,598,841,243
1982-04-22,469,957,488
1982-04-23,456,1042,586
1982-04-26,537,970,433
1982-04-27,973,561,-412
1982-04-28,844,586,-258
1982-04-29,976,449,-527
1982-04-30,656,729,73
1982-05-03,658,742,84
1982-05-04,507,916,409
1982-05-05,661,785,124
1982-05-06,439,1073,634
1982-05-07,554,951,397
1982-05-10,967,523,-444
1982-05-11,505,927,422
1982-05-12,780,681,-99
1982-05-13,841,599,-242
1982-05-14,718,673,-45
1982-05-17,1081,371,-710
1982-05-18,1025,433,-592
1982-05-19,967,455,-512
1982-05-20,957,459,-498
1982-05-21,694,718,24
1982-05-24,790,604,-186
1982-05-25,730,681,-49
1982-05-26,1158,323,-835
1982-05-27,926,459,-467
1982-05-28,767,689,-78
1982-06-01,947,484,-463
1982-06-02,642,735,93
1982-06-03,818,602,-216
1982-06-04,1103,347,-756
1982-06-07,886,556,-330
1982-06-08,854,531,-323
1982-06-09,975,418,-557
1982-06-10,642,747,105
1982-06-11,298,1241,943
1982-06-14,1063,424,-639
1982-06-15,905,525,-380
1982-06-16,820,620,-200
1982-06-17,1043,394,-649
1982-06-18,933,453,-480
1982-06-21,639,757,118
1982-06-22,583,821,238
1982-06-23,426,1036,610
1982-06-24,660,772,112
1982-06-25,902,468,-434
1982-06-28,511,879,368
1982-06-29,702,698,-4
1982-06-30,602,801,199
1982-07-01,914,459,-455
1982-07-02,854,536,-318
1982-07-06,831,567,-264
1982-07-07,778,622,-156
1982-07-08,819,587,-232
1982-07-09,367,1118,751
1982-07-12,456,1061,605
1982-07-13,752,664,-88
1982-07-14,740,672,-68
1982-07-15,675,715,40
1982-07-16,623,770,147
1982-07-19,702,739,37
1982-07-20,582,861,279
1982-07-21,630,812,182
1982-07-22,648,767,119
1982-07-23,754,652,-102
1982-07-26,951,482,-469
1982-07-27,886,503,-383
1982-07-28,1252,272,-980
1982-07-29,892,533,-359
1982-07-30,745,607,-138
1982-08-02,365,1103,738
1982-08-03,767,740,-27
1982-08-04,1088,383,-705
1982-08-05,1020,443,-577
1982-08-06,970,448,-522
1982-08-09,1107,402,-705
1982-08-10,694,688,-6
1982-08-11,795,567,-228
1982-08-12,759,643,-116
1982-08-13,473,946,473
1982-08-16,411,1146,735
1982-08-17,155,1564,1409
1982-08-18,484,1247,763
1982-08-19,705,793,88
1982-08-20,280,1384,1104
1982-08-23,349,1352,1003
1982-08-24,696,960,264
1982-08-25,402,1268,866
1982-08-26,460,1189,729
1982-08-27,1007,556,-451
1982-08-30,748,812,64
1982-08-31,383,1205,822
1982-09-01,889,684,-205
1982-09-02,436,1106,670
1982-09-03,455,1182,727
1982-09-07,995,599,-396
1982-09-08,579,963,384
1982-09-09,638,878,240
1982-09-10,1029,478,-551
1982-09-13,651,846,195
1982-09-14,486,1094,608
1982-09-15,553,980,427
1982-09-16,727,836,109
1982-09-17,1013,471,-542
1982-09-20,900,604,-296
1982-09-21,380,1208,828
1982-09-22,723,858,135
1982-09-23,880,638,-242
1982-09-24,788,680,-108
1982-09-27,733,682,-51
1982-09-28,731,763,32
1982-09-29,1102,409,-693
1982-09-30,939,552,-387
1982-10-01,525,1000,475
1982-10-04,830,620,-210
1982-10-05,535,950,415
1982-10-06,294,1344,1050
1982-10-07,338,1384,1046
1982-10-08,432,1247,815
1982-10-11,292,1504,1212
1982-10-12,776,932,156
1982-10-13,398,1351,953
1982-10-14,991,759,-232
1982-10-15,966,699,-267
1982-10-18,450,1238,788
1982-10-19,748,930,182
1982-10-20,436,1221,785
1982-10-21,767,903,136
1982-10-22,659,1014,355
1982-10-25,1586,196,-1390
1982-10-26,944,690,-254
1982-10-27,443,1213,770
1982-10-28,967,637,-330
1982-10-29,755,827,72
1982-11-01,561,1091,530
1982-11-02,357,1353,996
1982-11-03,251,1518,1267
1982-11-04,824,940,116
1982-11-05,622,1017,395
1982-11-08,1056,614,-442
1982-11-09,397,1336,939
1982-11-10,926,764,-162
1982-11-11,708,849,141
1982-11-12,901,735,-166
1982-11-15,1265,422,-843
1982-11-16,1334,349,-985
1982-11-17,428,1166,738
1982-11-18,649,944,295
1982-11-19,862,722,-140
1982-11-22,1188,448,-740
1982-11-23,1065,575,-490
1982-11-24,644,937,293
1982-11-26,520,937,417
1982-11-29,920,686,-234
1982-11-30,416,1255,839
1982-12-01,671,998,327
1982-12-02,819,736,-83
1982-12-03,813,726,-87
1982-12-06,592,1031,439
1982-12-07,628,1017,389
1982-12-08,826,796,-30
1982-12-09,1118,522,-596
1982-12-10,976,613,-363
1982-12-13,792,768,-24
1982-12-14,991,629,-362
1982-12-15,1282,332,-950
1982-12-16,915,652,-263
1982-12-17,524,1069,545
1982-12-20,990,597,-393
1982-12-21,607,981,374
1982-12-22,671,899,228
1982-12-23,605,942,337
1982-12-27,535,1053,518
1982-12-28,934,657,-277
1982-12-29,719,840,121
1982-12-30,901,669,-232
1982-12-31,602,924,322
1983-01-03,1040,590,-450
1983-01-04,497,1093,596
1983-01-05,554,1049,495
1983-01-06,303,1450,1147
1983-01-07,706,945,239
1983-01-10,519,1152,633
1983-01-11,894,765,-129
1983-01-12,557,1068,511
1983-01-13,915,702,-213
1983-01-14,584,1005,421
1983-01-17,650,982,332
1983-01-18,867,761,-106
1983-01-19,1076,554,-522
1983-01-20,749,827,78
1983-01-21,1185,389,-796
1983-01-24,1631,173,-1458
1983-01-25,534,1095,561
1983-01-26,709,877,168
1983-01-27,441,1186,745
1983-01-28,695,914,219
1983-01-31,679,897,218
1983-02-01,1005,610,-395
1983-02-02,818,762,-56
1983-02-03,567,981,414
1983-02-04,483,1085,602
1983-02-07,542,1104,562
1983-02-08,897,711,-186
1983-02-09,819,768,-51
1983-02-10,450,1171,721
1983-02-11,665,899,234
1983-02-14,548,1016,468
1983-02-15,789,823,34
1983-02-16,927,671,-256
1983-02-17,897,695,-202
1983-02-18,638,941,303
1983-02-22,1110,554,-556
1983-02-23,636,959,323
1983-02-24,440,1184,744
1983-02-25,749,908,159
1983-02-28,909,723,-186
1983-03-01,437,1196,759
1983-03-02,481,1177,696
1983-03-03,497,1174,677
1983-03-04,723,892,169
1983-03-07,731,908,177
1983-03-08,1140,520,-620
1983-03-09,610,1011,401
1983-03-10,857,738,-119
1983-03-11,937,609,-328
1983-03-14,1016,545,-471
1983-03-15,730,840,110
1983-03-16,865,753,-112
1983-03-17,911,672,-239
1983-03-18,693,865,172
1983-03-21,729,848,119
1983-03-22,765,831,66
1983-03-23,518,1094,576
1983-03-24,646,977,331
1983-03-25,878,709,-169
1983-03-28,1049,527,-522
1983-03-29,827,681,-146
1983-03-30,539,992,453
1983-03-31,830,765,-65
1983-04-04,914,689,-225
1983-04-05,851,702,-149
1983-04-06,1061,542,-519
1983-04-07,690,840,150
1983-04-08,602,910,308
1983-04-11,482,1124,642
1983-04-12,650,936,286
1983-04-13,569,1047,478
1983-04-14,547,1081,534
1983-04-15,650,980,330
1983-04-18,626,1001,375
1983-04-19,961,678,-283
1983-04-20,512,1187,675
1983-04-21,851,833,-18
1983-04-22,731,849,118
1983-04-25,1059,613,-446
1983-04-26,549,1082,533
1983-04-27,784,858,74
1983-04-28,578,995,417
1983-04-29,632,1013,381
1983-05-02,1117,578,-539
1983-05-03,887,736,-151
1983-05-04,507,1147,640
1983-05-05,490,1185,695
1983-05-06,467,1244,777
1983-05-09,787,863,76
1983-05-10,675,1010,335
1983-05-11,991,673,-318
1983-05-12,901,719,-182
1983-05-13,553,1080,527
1983-05-16,1269,407,-862
1983-05-17,662,974,312
1983-05-18,663,987,324
1983-05-19,1080,561,-519
1983-05-20,845,733,-112
1983-05-23,790,835,45
1983-05-24,447,1198,751
1983-05-25,654,982,328
1983-05-26,815,821,6
1983-05-27,846,717,-129
1983-05-31,1219,435,-784
1983-06-01,881,714,-167
1983-06-02,566,1024,458
1983-06-03,659,948,289
1983-06-06,745,869,124
1983-06-07,1044,588,-456
1983-06-08,1184,455,-729
1983-06-09,723,825,102
1983-06-10,574,1022,448
1983-06-13,556,1084,528
1983-06-14,686,946,260
1983-06-15,665,945,280
1983-06-16,599,1064,465
1983-06-17,904,735,-169
1983-06-20,901,741,-160
1983-06-21,754,879,125
1983-06-22,748,890,142
1983-06-23,950,648,-302
1983-06-24,796,785,-11
1983-06-27,1200,422,-778
1983-06-28,1388,327,-1061
1983-06-29,787,835,48
1983-06-30,508,1077,569
1983-07-01,594,957,363
1983-07-05,1279,375,-904
1983-07-06,555,1084,529
1983-07-07,923,695,-228
1983-07-08,941,630,-311
1983-07-11,660,940,280
1983-07-12,1287,418,-869
1983-07-13,998,648,-350
1983-07-14,631,925,294
1983-07-15,1127,462,-665
1983-07-18,1081,528,-553
1983-07-19,653,946,293
1983-07-20,315,1391,1076
1983-07-21,766,886,120
1983-07-22,759,812,53
1983-07-25,732,866,134
1983-07-26,592,1030,438
1983-07-27,1189,477,-712
1983-07-28,1227,396,-831
1983-07-29,1269,346,-923
1983-08-01,1134,483,-651
1983-08-02,833,715,-118
1983-08-03,791,790,-1
1983-08-04,1194,413,-781
1983-08-05,683,823,140
1983-08-08,1312,338,-974
1983-08-09,853,734,-119
1983-08-10,584,992,408
1983-08-11,680,839,159
1983-08-12,576,946,370
1983-08-15,471,1107,636
1983-08-16,878,686,-192
1983-08-17,576,1046,470
1983-08-18,906,674,-232
1983-08-19,756,747,-9
1983-08-22,725,810,85
1983-08-23,1074,530,-544
1983-08-24,1000,556,-444
1983-08-25,875,618,-257
1983-08-26,626,884,258
1983-08-29,880,627,-253
1983-08-30,668,895,227
1983-08-31,502,1048,546
1983-09-01,717,811,94
1983-09-02,518,953,435
1983-09-06,399,1275,876
1983-09-07,735,891,156
1983-09-08,693,871,178
1983-09-09,773,747,-26
1983-09-12,842,816,-26
1983-09-13,1048,551,-497
1983-09-14,720,803,83
1983-09-15,885,657,-228
1983-09-16,551,1008,457
1983-09-19,482,1116,634
1983-09-20,591,1016,425
1983-09-21,858,707,-151
1983-09-22,620,956,336
1983-09-23,809,785,-24
1983-09-26,672,942,270
1983-09-27,1137,461,-676
1983-09-28,853,651,-202
1983-09-29,871,654,-217
1983-09-30,956,606,-350
1983-10-03,935,669,-266
1983-10-04,647,947,300
1983-10-05,600,1012,412
1983-10-06,529,1149,620
1983-10-07,645,954,309
1983-10-10,665,906,241
1983-10-11,1150,512,-638
1983-10-12,1048,544,-504
1983-10-13,869,672,-197
1983-10-14,779,762,-17
1983-10-17,760,863,103
1983-10-18,1230,406,-824
1983-10-19,1140,506,-634
1983-10-20,698,875,177
1983-10-21,986,592,-394
1983-10-24,985,607,-378
1983-10-25,692,896,204
1983-10-26,922,650,-272
1983-10-27,934,628,-306
1983-10-28,986,582,-404
1983-10-31,836,791,-45
1983-11-01,877,725,-152
1983-11-02,549,1067,518
1983-11-03,861,701,-160
1983-11-04,957,578,-379
1983-11-07,943,633,-310
1983-11-08,947,652,-295
1983-11-09,604,1026,422
1983-11-10,649,936,287
1983-11-11,477,1100,623
1983-11-14,632,1021,389
1983-11-15,888,715,-173
1983-11-16,655,934,279
1983-11-17,707,874,167
1983-11-18,818,763,-55
1983-11-21,683,903,220
1983-11-22,658,998,340
1983-11-23,820,810,-10
1983-11-25,601,841,240
1983-11-28,870,680,-190
1983-11-29,595,1017,422
1983-11-30,893,736,-157
1983-12-01,857,774,-83
1983-12-02,989,606,-383
1983-12-05,873,729,-144
1983-12-06,850,767,-83
1983-12-07,751,900,149
1983-12-08,989,651,-338
1983-12-09,909,698,-211
1983-12-12,813,810,-3
1983-12-13,941,669,-272
1983-12-14,1157,460,-697
1983-12-15,1114,501,-613
1983-12-16,769,805,36
1983-12-19,886,744,-142
1983-12-20,946,697,-249
1983-12-21,646,955,309
1983-12-22,920,749,-171
1983-12-23,810,736,-74
1983-12-27,632,989,357
1983-12-28,828,767,-61
1983-12-29,796,843,47
1983-12-30,676,959,283
1984-01-03,831,822,-9
1984-01-04,470,1279,809
1984-01-05,365,1344,979
1984-01-06,616,1075,459
1984-01-09,855,827,-28
1984-01-10,867,795,-72
1984-01-11,836,789,-47
1984-01-12,715,881,166
1984-01-13,893,744,-149
1984-01-16,893,734,-159
1984-01-17,736,894,158
1984-01-18,851,803,-48
1984-01-19,901,705,-196
1984-01-20,1027,578,-449
1984-01-23,1256,417,-839
1984-01-24,752,827,75
1984-01-25,911,717,-194
1984-01-26,940,685,-255
1984-01-27,931,640,-291
1984-01-30,1168,493,-675
1984-01-31,843,744,-99
1984-02-01,952,669,-283
1984-02-02,759,864,105
1984-02-03,1103,554,-549
1984-02-06,1373,339,-1034
1984-02-07,935,698,-237
1984-02-08,1217,459,-758
1984-02-09,1123,525,-598
1984-02-10,712,928,216
1984-02-13,1237,428,-809
1984-02-14,622,1034,412
1984-02-15,766,820,54
1984-02-16,889,688,-201
1984-02-17,881,657,-224
1984-02-21,1073,544,-529
1984-02-22,928,656,-272
1984-02-23,1004,559,-445
1984-02-24,330,1336,1006
1984-02-27,495,1163,668
1984-02-28,1169,446,-723
1984-02-29,672,862,190
1984-03-01,616,983,367
1984-03-02,523,1084,561
1984-03-05,965,583,-382
1984-03-06,966,604,-362
1984-03-07,1214,388,-826
1984-03-08,697,830,133
1984-03-09,947,598,-349
1984-03-12,615,963,348
1984-03-13,499,1063,564
1984-03-14,811,726,-85
1984-03-15,646,870,224
1984-03-16,437,1143,706
1984-03-19,1215,394,-821
1984-03-20,656,922,266
1984-03-21,778,732,-46
1984-03-22,1093,487,-606
1984-03-23,830,692,-138
1984-03-26,820,701,-119
1984-03-27,733,752,19
1984-03-28,470,1123,653
1984-03-29,692,842,150
1984-03-30,800,728,-72
1984-04-02,981,572,-409
1984-04-03,998,580,-418
1984-04-04,850,690,-160
1984-04-05,1267,397,-870
1984-04-06,927,619,-308
1984-04-09,852,699,-153
1984-04-10,710,847,137
1984-04-11,921,645,-276
1984-04-12,532,1080,548
1984-04-13,704,873,169
1984-04-16,711,841,130
1984-04-17,577,1030,453
1984-04-18,945,613,-332
1984-04-19,813,693,-120
1984-04-23,1061,534,-527
1984-04-24,708,836,128
1984-04-25,669,881,212
1984-04-26,531,1065,534
1984-04-27,773,752,-21
1984-04-30,810,712,-98
1984-05-01,505,1119,614
1984-05-02,592,1022,430
1984-05-03,783,793,10
1984-05-04,1031,515,-516
1984-05-07,812,758,-54
1984-05-08,645,936,291
1984-05-09,960,658,-302
1984-05-10,790,739,-51
1984-05-11,1196,393,-803
1984-05-14,1076,464,-612
1984-05-15,777,777,0
1984-05-16,767,773,6
1984-05-17,1209,395,-814
1984-05-18,1050,514,-536
1984-05-21,1011,521,-490
1984-05-22,1177,450,-727
1984-05-23,918,612,-306
1984-05-24,1332,304,-1028
1984-05-25,806,764,-42
1984-05-29,1014,512,-502
1984-05-30,847,713,-134
1984-05-31,694,864,170
1984-06-01,379,1269,890
1984-06-04,393,1283,890
1984-06-05,919,624,-295
1984-06-06,571,914,343
1984-06-07,737,740,3
1984-06-08,691,759,68
1984-06-11,1160,422,-738
1984-06-12,953,540,-413
1984-06-13,776,685,-91
1984-06-14,1039,484,-555
1984-06-15,947,503,-444
1984-06-18,522,1067,545
1984-06-19,586,988,402
1984-06-20,667,855,188
1984-06-21,731,829,98
1984-06-22,758,768,10
1984-06-25,806,728,-78
1984-06-26,1030,514,-516
1984-06-27,998,513,-485
1984-06-28,615,893,278
1984-06-29,627,895,268
1984-07-02,907,618,-289
1984-07-03,650,836,186
1984-07-05,885,566,-319
1984-07-06,918,545,-373
1984-07-09,765,766,1
1984-07-10,796,694,-102
1984-07-11,1098,421,-677
1984-07-12,942,502,-440
1984-07-13,625,887,262
1984-07-16,790,705,-85
1984-07-17,628,884,256
1984-07-18,917,594,-323
1984-07-19,990,498,-492
1984-07-20,999,504,-495
1984-07-23,1167,431,-736
1984-07-24,971,543,-428
1984-07-25,739,789,50
1984-07-26,538,983,445
1984-07-27,532,1069,537
1984-07-30,856,657,-199
1984-07-31,669,857,188
1984-08-01,313,1370,1057
1984-08-02,263,1477,1214
1984-08-03,325,1490,1165
1984-08-06,672,1093,421
1984-08-07,894,723,-171
1984-08-08,920,703,-217
1984-08-09,377,1316,939
1984-08-10,551,1113,562
1984-08-13,866,694,-172
1984-08-14,884,694,-190
1984-08-15,975,570,-405
1984-08-16,596,1001,405
1984-08-17,699,772,73
1984-08-20,717,791,74
1984-08-21,366,1274,908
1984-08-22,751,855,104
1984-08-23,768,770,2
1984-08-24,652,855,203
1984-08-27,1008,539,-469
1984-08-28,590,913,323
1984-08-29,684,819,135
1984-08-30,794,687,-107
1984-08-31,642,831,189
1984-09-04,1085,484,-601
1984-09-05,931,580,-351
1984-09-06,495,1026,531
1984-09-07,879,633,-246
1984-09-10,883,650,-233
1984-09-11,571,991,420
1984-09-12,782,709,-73
1984-09-13,428,1200,772
1984-09-14,523,1136,613
1984-09-17,788,788,0
1984-09-18,851,687,-164
1984-09-19,804,778,-26
1984-09-20,718,868,150
1984-09-21,832,731,-101
1984-09-24,947,576,-371
1984-09-25,900,649,-251
1984-09-26,692,834,142
1984-09-27,582,930,348
1984-09-28,872,658,-214
1984-10-01,1101,458,-643
1984-10-02,926,530,-396
1984-10-03,1057,496,-561
1984-10-04,690,786,96
1984-10-05,691,769,78
1984-10-08,841,517,-324
1984-10-09,794,680,-114
1984-10-10,785,711,-74
1984-10-11,540,977,437
1984-10-12,482,1067,585
1984-10-15,550,1019,469
1984-10-16,819,743,-76
1984-10-17,771,777,6
1984-10-18,433,1263,830
1984-10-19,617,1080,463
1984-10-22,859,694,-165
1984-10-23,767,787,20
1984-10-24,809,757,-52
1984-10-25,946,612,-334
1984-10-26,1050,490,-560
1984-10-29,904,598,-306
1984-10-30,500,1083,583
1984-10-31,821,744,-77
1984-11-01,571,1035,464
1984-11-02,645,914,269
1984-11-05,558,1076,518
1984-11-06,470,1117,647
1984-11-07,986,629,-357
1984-11-08,775,766,-9
1984-11-09,733,790,57
1984-11-12,891,581,-310
1984-11-13,1066,480,-586
1984-11-14,827,661,-166
1984-11-15,864,663,-201
1984-11-16,1057,490,-567
1984-11-19,1135,455,-680
1984-11-20,693,853,160
1984-11-21,675,796,121
1984-11-23,332,1218,886
1984-11-26,901,659,-242
1984-11-27,644,918,274
1984-11-28,919,589,-330
1984-11-29,1047,506,-541
1984-11-30,871,658,-213
1984-12-03,940,600,-340
1984-12-04,689,816,127
1984-12-05,1032,522,-510
1984-12-06,766,810,44
1984-12-07,803,682,-121
1984-12-10,783,790,7
1984-12-11,682,845,163
1984-12-12,806,676,-130
1984-12-13,823,678,-145
1984-12-14,617,922,305
1984-12-17,646,935,289
1984-12-18,324,1433,1109
1984-12-19,767,902,135
1984-12-20,954,641,-313
1984-12-21,963,621,-342
1984-12-24,461,966,505
1984-12-26,740,646,-94
1984-12-27,894,586,-308
1984-12-28,671,840,169
1984-12-31,598,976,378
1985-01-02,919,629,-290
1985-01-03,805,751,-54
1985-01-04,874,662,-212
1985-01-07,583,981,398
1985-01-08,695,840,145
1985-01-09,519,1075,556
1985-01-10,367,1298,931
1985-01-11,730,917,187
1985-01-14,370,1326,956
1985-01-15,577,1025,448
1985-01-16,541,1092,551
1985-01-17,745,815,70
1985-01-18,616,966,350
1985-01-21,383,1331,948
1985-01-22,698,948,250
1985-01-23,499,1180,681
1985-01-24,756,919,163
1985-01-25,616,977,361
1985-01-28,674,971,297
1985-01-29,571,1008,437
1985-01-30,682,996,314
1985-01-31,807,835,28
1985-02-01,935,663,-272
1985-02-04,525,1100,575
1985-02-05,627,1005,378
1985-02-06,680,944,264
1985-02-07,562,1119,557
1985-02-08,706,928,222
1985-02-11,1027,611,-416
1985-02-12,737,806,69
1985-02-13,403,1230,827
1985-02-14,831,809,-22
1985-02-15,914,681,-233
1985-02-19,905,666,-239
1985-02-20,772,826,54
1985-02-21,1034,510,-524
1985-02-22,1006,588,-418
1985-02-25,1115,487,-628
1985-02-26,563,1018,455
1985-02-27,808,768,-40
1985-02-28,714,814,100
1985-03-01,485,1114,629
1985-03-04,968,578,-390
1985-03-05,833,723,-110
1985-03-06,966,577,-389
1985-03-07,982,596,-386
1985-03-08,857,636,-221
1985-03-11,929,596,-333
1985-03-12,682,830,148
1985-03-13,1037,485,-552
1985-03-14,778,729,-49
1985-03-15,876,644,-232
1985-03-18,940,616,-324
1985-03-19,512,1058,546
1985-03-20,853,709,-144
1985-03-21,693,833,140
1985-03-22,812,689,-123
1985-03-25,1034,520,-514
1985-03-26,692,814,122
1985-03-27,532,1042,510
1985-03-28,650,911,261
1985-03-29,513,1044,531
1985-04-01,700,852,152
1985-04-02,840,724,-116
1985-04-03,1001,514,-487
1985-04-04,799,687,-112
1985-04-08,885,686,-199
1985-04-09,783,742,-41
1985-04-10,503,1068,565
1985-04-11,633,937,304
1985-04-12,695,816,121
1985-04-15,643,872,229
1985-04-16,735,795,60
1985-04-17,630,895,265
1985-04-18,823,698,-125
1985-04-19,762,801,39
1985-04-22,856,639,-217
1985-04-23,574,935,361
1985-04-24,764,781,17
1985-04-25,609,903,294
1985-04-26,852,639,-213
1985-04-29,1086,438,-648
1985-04-30,990,546,-444
1985-05-01,950,569,-381
1985-05-02,804,714,-90
1985-05-03,563,940,377
1985-05-06,688,815,127
1985-05-07,608,907,299
1985-05-08,765,764,-1
1985-05-09,498,1078,580
1985-05-10,393,1233,840
1985-05-13,671,872,201
1985-05-14,838,732,-106
1985-05-15,608,939,331
1985-05-16,567,1024,457
1985-05-17,451,1165,714
1985-05-20,430,1280,850
1985-05-21,817,782,-35
1985-05-22,1117,515,-602
1985-05-23,930,632,-298
1985-05-24,659,867,208
1985-05-28,833,683,-150
1985-05-29,750,793,43
1985-05-30,729,787,58
1985-05-31,548,1057,509
1985-06-03,691,930,239
1985-06-04,584,1013,429
1985-06-05,633,990,357
1985-06-06,705,898,193
1985-06-07,983,606,-377
1985-06-10,920,651,-269
1985-06-11,825,744,-81
1985-06-12,965,626,-339
1985-06-13,1128,498,-630
1985-06-14,531,1047,516
1985-06-17,854,680,-174
1985-06-18,614,1000,386
1985-06-19,793,813,20
1985-06-20,823,714,-109
1985-06-21,551,1034,483
1985-06-24,852,725,-127
1985-06-25,615,964,349
1985-06-26,730,787,57
1985-06-27,590,977,387
1985-06-28,619,948,329
1985-07-01,684,903,219
1985-07-02,756,837,81
1985-07-03,759,793,34
1985-07-05,400,1118,718
1985-07-08,917,658,-259
1985-07-09,837,696,-141
1985-07-10,584,993,409
1985-07-11,627,971,344
1985-07-12,670,873,203
1985-07-15,691,875,184
1985-07-16,437,1211,774
1985-07-17,683,976,293
1985-07-18,1009,614,-395
1985-07-19,553,1059,506
1985-07-22,1053,553,-500
1985-07-23,983,622,-361
1985-07-24,1006,669,-337
1985-07-25,900,708,-192
1985-07-26,802,763,-39
1985-07-29,1314,359,-955
1985-07-30,880,703,-177
1985-07-31,611,977,366
1985-08-01,557,1053,496
1985-08-02,831,685,-146
1985-08-05,1156,458,-698
1985-08-06,1253,398,-855
1985-08-07,949,634,-315
1985-08-08,484,1096,612
1985-08-09,895,659,-236
1985-08-12,947,574,-373
1985-08-13,782,708,-74
1985-08-14,616,883,267
1985-08-15,710,768,58
1985-08-16,1073,422,-651
1985-08-19,712,795,83
1985-08-20,587,930,343
1985-08-21,566,989,423
1985-08-22,1004,575,-429
1985-08-23,758,708,-50
1985-08-26,732,790,58
1985-08-27,626,877,251
1985-08-28,620,845,225
1985-08-29,674,799,125
1985-08-30,700,760,60
1985-09-03,1053,510,-543
1985-09-04,899,593,-306
1985-09-05,792,666,-126
1985-09-06,619,870,251
1985-09-09,725,766,41
1985-09-10,1094,465,-629
1985-09-11,1222,345,-877
1985-09-12,1133,415,-718
1985-09-13,1059,474,-585
1985-09-16,746,700,-46
1985-09-17,1162,438,-724
1985-09-18,872,658,-214
1985-09-19,439,1085,646
1985-09-20,796,733,-63
1985-09-23,491,1074,583
1985-09-24,996,507,-489
1985-09-25,1093,415,-678
1985-09-26,900,629,-271
1985-09-30,779,804,25
1985-10-01,471,1100,629
1985-10-02,754,772,18
1985-10-03,717,791,74
1985-10-04,869,634,-235
1985-10-07,959,581,-378
1985-10-08,841,652,-189
1985-10-09,622,855,233
1985-10-10,653,823,170
1985-10-11,493,981,488
1985-10-14,462,987,525
1985-10-15,724,755,31
1985-10-16,533,966,433
1985-10-17,720,817,97
1985-10-18,770,740,-30
1985-10-21,889,674,-215
1985-10-22,602,934,332
1985-10-23,632,878,246
1985-10-24,808,729,-79
1985-10-25,915,558,-357
1985-10-28,815,712,-103
1985-10-29,558,999,441
1985-10-30,574,983,409
1985-10-31,688,792,104
1985-11-01,561,1009,448
1985-11-04,805,769,-36
1985-11-05,548,986,438
1985-11-06,642,967,325
1985-11-07,747,855,108
1985-11-08,478,1135,657
1985-11-11,427,1225,798
1985-11-12,566,1116,550
1985-11-13,1023,586,-437
1985-11-14,491,1136,645
1985-11-15,848,729,-119
1985-11-18,893,764,-129
1985-11-19,633,1009,376
1985-11-20,802,759,-43
1985-11-21,423,1263,840
1985-11-22,643,968,325
1985-11-25,1095,558,-537
1985-11-26,767,795,28
1985-11-27,565,1021,456
1985-11-29,662,832,170
1985-12-02,1056,566,-490
1985-12-03,652,907,255
1985-12-04,377,1298,921
1985-12-05,791,870,79
1985-12-06,1128,508,-620
1985-12-09,659,1029,370
1985-12-10,769,892,123
1985-12-11,585,1140,555
1985-12-12,721,920,199
1985-12-13,417,1305,888
1985-12-16,702,1024,322
1985-12-17,1042,667,-375
1985-12-18,986,673,-313
1985-12-19,810,852,42
1985-12-20,574,1102,528
1985-12-23,1199,498,-701
1985-12-24,971,534,-437
1985-12-26,618,859,241
1985-12-27,438,1143,705
1985-12-30,639,947,308
1985-12-31,655,949,294
1986-01-02,902,706,-196
1986-01-03,499,1136,637
1986-01-06,875,781,-94
1986-01-07,371,1357,986
1986-01-08,1254,515,-739
1986-01-09,1490,336,-1154
1986-01-10,808,800,-8
1986-01-13,691,907,216
1986-01-14,671,952,281
1986-01-15,495,1090,595
1986-01-16,653,917,264
1986-01-17,741,835,94
1986-01-20,922,655,-267
1986-01-21,1023,609,-414
1986-01-22,1055,544,-511
1986-01-23,768,805,37
1986-01-24,465,1155,690
1986-01-27,683,966,283
1986-01-28,569,1095,526
1986-01-29,886,797,-89
1986-01-30,737,866,129
1986-01-31,508,1116,608
1986-02-03,543,1093,550
1986-02-04,867,797,-70
1986-02-05,794,844,50
1986-02-06,653,977,324
1986-02-07,646,964,318
1986-02-10,583,1035,452
1986-02-11,773,838,65
1986-02-12,668,934,266
1986-02-13,647,976,329
1986-02-14,523,1156,633
1986-02-18,517,1183,666
1986-02-19,1009,706,-303
1986-02-20,604,1036,432
1986-02-21,398,1329,931
1986-02-24,911,803,-108
1986-02-25,849,806,-43
1986-02-26,767,838,71
1986-02-27,461,1271,810
1986-02-28,685,1064,379
1986-03-03,885,817,-68
1986-03-04,727,995,268
1986-03-05,975,718,-257
1986-03-06,583,1066,483
1986-03-07,778,880,102
1986-03-10,665,991,326
1986-03-11,371,1363,992
1986-03-12,643,1129,486
1986-03-13,833,864,31
1986-03-14,646,1028,382
1986-03-17,1244,522,-722
1986-03-18,667,1038,371
1986-03-19,885,772,-113
1986-03-20,720,925,205
1986-03-21,718,1020,302
1986-03-24,1018,736,-282
1986-03-25,987,684,-303
1986-03-26,565,1116,551
1986-03-27,549,1159,610
1986-03-31,862,853,-9
1986-04-01,1129,644,-485
1986-04-02,899,748,-151
1986-04-03,1178,530,-648
1986-04-04,1250,454,-796
1986-04-07,1015,664,-351
1986-04-08,330,1392,1062
1986-04-09,688,990,302
1986-04-10,536,1097,561
1986-04-11,817,815,-2
1986-04-14,653,981,328
1986-04-15,798,840,42
1986-04-16,397,1305,908
1986-04-17,695,998,303
1986-04-18,789,883,94
1986-04-21,675,1032,357
1986-04-22,1030,659,-371
1986-04-23,1073,637,-436
1986-04-24,784,815,31
1986-04-25,876,762,-114
1986-04-28,812,761,-51
1986-04-29,1153,499,-654
1986-04-30,1353,365,-988
1986-05-01,1004,643,-361
1986-05-02,828,785,-43
1986-05-05,528,1119,591
1986-05-06,754,801,47
1986-05-07,1019,579,-440
1986-05-08,589,1008,419
1986-05-09,741,853,112
1986-05-12,899,698,-201
1986-05-13,896,681,-215
1986-05-14,767,778,11
1986-05-15,1149,451,-698
1986-05-16,1002,563,-439
1986-05-19,790,714,-76
1986-05-20,597,979,382
1986-05-21,759,774,15
1986-05-22,452,1218,766
1986-05-23,611,938,327
1986-05-27,485,1198,713
1986-05-28,652,996,344
1986-05-29,754,835,81
1986-05-30,836,736,-100
1986-06-02,1055,534,-521
1986-06-03,793,748,-45
1986-06-04,973,561,-412
1986-06-05,699,843,144
1986-06-06,831,684,-147
1986-06-09,1420,279,-1141
1986-06-10,941,628,-313
1986-06-11,582,959,377
1986-06-12,732,807,75
1986-06-13,371,1198,827
1986-06-16,815,754,-61
1986-06-17,992,622,-370
1986-06-18,851,673,-178
1986-06-19,853,684,-169
1986-06-20,889,761,-128
1986-06-23,894,727,-167
1986-06-24,520,1061,541
1986-06-25,609,969,360
1986-06-26,772,737,-35
1986-06-27,664,882,218
1986-06-30,568,1033,465
1986-07-01,659,899,240
1986-07-02,736,857,121
1986-07-03,872,657,-215
1986-07-07,1469,263,-1206
1986-07-08,1415,298,-1117
1986-07-09,546,1024,478
1986-07-10,758,818,60
1986-07-11,711,874,163
1986-07-14,1253,424,-829
1986-07-15,1265,430,-835
1986-07-16,680,925,245
1986-07-17,649,902,253
1986-07-18,862,688,-174
1986-07-21,832,707,-125
1986-07-22,651,975,324
1986-07-23,740,855,115
1986-07-24,923,648,-275
1986-07-25,593,970,377
1986-07-28,1269,378,-891
1986-07-29,1067,529,-538
1986-07-30,820,780,-40
1986-07-31,884,695,-189
1986-08-01,845,670,-175
1986-08-04,920,651,-269
1986-08-05,667,908,241
1986-08-06,862,693,-169
1986-08-07,670,881,211
1986-08-08,727,795,68
1986-08-11,402,1234,832
1986-08-12,484,1171,687
1986-08-13,510,1121,611
1986-08-14,554,1030,476
1986-08-15,683,895,212
1986-08-18,828,786,-42
1986-08-19,863,760,-103
1986-08-20,547,1087,540
1986-08-21,701,922,221
1986-08-22,738,846,108
1986-08-25,1056,568,-488
1986-08-26,521,1151,630
1986-08-27,729,878,149
1986-08-28,757,829,72
1986-08-29,710,829,119
1986-09-02,1070,583,-487
1986-09-03,814,826,12
1986-09-04,435,1289,854
1986-09-05,1165,547,-618
1986-09-08,1103,539,-564
1986-09-09,995,656,-339
1986-09-10,979,636,-343
1986-09-11,1695,168,-1527
1986-09-12,1347,409,-938
1986-09-15,837,801,-36
1986-09-16,940,646,-294
1986-09-17,627,982,355
1986-09-18,821,704,-117
1986-09-19,793,775,-18
1986-09-22,468,1130,662
1986-09-23,638,947,309
1986-09-24,643,918,275
1986-09-25,1202,408,-794
1986-09-26,734,776,42
1986-09-29,1203,387,-816
1986-09-30,543,1012,469
1986-10-01,559,1041,482
1986-10-02,752,807,55
1986-10-03,776,758,-18
1986-10-06,693,829,136
1986-10-07,804,724,-80
1986-10-08,585,964,379
1986-10-09,731,796,65
1986-10-10,773,743,-30
1986-10-13,642,729,87
1986-10-14,819,676,-143
1986-10-15,438,1166,728
1986-10-16,734,853,119
1986-10-17,828,696,-132
1986-10-20,1109,447,-662
1986-10-21,737,788,51
1986-10-22,733,781,48
1986-10-23,491,1105,614
1986-10-24,863,717,-146
1986-10-27,748,786,38
1986-10-28,683,896,213
1986-10-29,584,1028,444
1986-10-30,537,1105,568
1986-10-31,706,897,191
1986-11-03,634,979,345
1986-11-04,698,892,194
1986-11-05,661,968,307
1986-11-06,911,654,-257
1986-11-07,808,741,-67
1986-11-10,740,851,111
1986-11-11,771,762,-9
1986-11-12,862,709,-153
1986-11-13,1098,476,-622
1986-11-14,733,825,92
1986-11-17,1047,545,-502
1986-11-18,1390,283,-1107
1986-11-19,1055,571,-484
1986-11-20,373,1308,935
1986-11-21,557,1082,525
1986-11-24,692,906,214
1986-11-25,741,862,121
1986-11-26,826,713,-113
1986-11-28,639,806,167
1986-12-01,969,651,-318
1986-12-02,372,1326,954
1986-12-03,850,757,-93
1986-12-04,839,713,-126
1986-12-05,987,550,-437
1986-12-08,898,672,-226
1986-12-09,1050,532,-518
1986-12-10,707,887,180
1986-12-11,1181,440,-741
1986-12-12,1020,536,-484
1986-12-15,863,762,-101
1986-12-16,670,944,274
1986-12-17,1145,501,-644
1986-12-18,958,634,-324
1986-12-19,506,1185,679
1986-12-22,1032,618,-414
1986-12-23,1265,467,-798
1986-12-24,570,951,381
1986-12-26,575,794,219
1986-12-29,1200,416,-784
1986-12-30,1137,483,-654
1986-12-31,842,799,-43
1987-01-02,164,1483,1319
1987-01-05,171,1613,1442
1987-01-06,699,972,273
1987-01-07,444,1223,779
1987-01-08,515,1172,657
1987-01-09,583,1059,476
1987-01-12,534,1135,601
1987-01-13,773,838,65
1987-01-14,499,1153,654
1987-01-15,591,1075,484
1987-01-16,1080,603,-477
1987-01-19,576,1057,481
1987-01-20,811,849,38
1987-01-21,1102,595,-507
1987-01-22,452,1209,757
1987-01-23,1085,570,-515
1987-01-26,968,599,-369
1987-01-27,435,1152,717
1987-01-28,663,923,260
1987-01-29,852,755,-97
1987-01-30,800,756,-44
1987-02-02,472,1179,707
1987-02-03,718,880,162
1987-02-04,427,1218,791
1987-02-05,604,1039,435
1987-02-06,782,804,22
1987-02-09,1066,582,-484
1987-02-10,1095,544,-551
1987-02-11,563,1035,472
1987-02-12,850,722,-128
1987-02-13,509,1096,587
1987-02-17,514,1141,627
1987-02-18,802,826,24
1987-02-19,766,847,81
1987-02-20,787,829,42
1987-02-23,1166,439,-727
1987-02-24,723,848,125
1987-02-25,678,905,227
1987-02-26,935,621,-314
1987-02-27,679,866,187
1987-03-02,806,781,-25
1987-03-03,735,814,79
1987-03-04,493,1133,640
1987-03-05,716,898,182
1987-03-06,856,702,-154
1987-03-09,1069,537,-532
1987-03-10,614,1000,386
1987-03-11,796,775,-21
1987-03-12,666,897,231
1987-03-13,868,678,-190
1987-03-16,1041,550,-491
1987-03-17,544,1038,494
1987-03-18,767,810,43
1987-03-19,759,855,96
1987-03-20,462,1211,749
1987-03-23,750,868,118
1987-03-24,838,762,-76
1987-03-25,863,695,-168
1987-03-26,765,795,30
1987-03-27,1122,461,-661
1987-03-30,1522,234,-1288
1987-03-31,591,993,402
1987-04-01,1041,599,-442
1987-04-02,609,950,341
1987-04-03,418,1214,796
1987-04-06,734,877,143
1987-04-07,1121,527,-594
1987-04-08,849,708,-141
1987-04-09,1260,371,-889
1987-04-10,1072,512,-560
1987-04-13,1429,285,-1144
1987-04-14,1646,163,-1483
1987-04-15,546,1124,578
1987-04-16,475,1214,739
1987-04-20,924,654,-270
1987-04-21,631,986,355
1987-04-22,1053,562,-491
1987-04-23,978,627,-351
1987-04-24,1266,372,-894
1987-04-27,1136,540,-596
1987-04-28,599,998,399
1987-04-29,603,969,366
1987-04-30,513,1102,589
1987-05-01,861,680,-181
1987-05-04,830,761,-69
1987-05-05,405,1192,787
1987-05-06,798,771,-27
1987-05-07,782,811,29
1987-05-08,832,739,-93
1987-05-11,771,812,41
1987-05-12,842,725,-117
1987-05-13,838,760,-78
1987-05-14,776,769,-7
1987-05-15,1378,291,-1087
1987-05-18,1238,455,-783
1987-05-19,1326,352,-974
1987-05-20,1173,461,-712
1987-05-21,613,969,356
1987-05-22,648,893,245
1987-05-26,349,1325,976
1987-05-27,758,797,39
1987-05-28,729,838,109
1987-05-29,637,943,306
1987-06-01,740,817,77
1987-06-02,926,622,-304
1987-06-03,476,1101,625
1987-06-04,618,927,309
1987-06-05,810,739,-71
1987-06-08,521,1042,521
1987-06-09,712,849,137
1987-06-10,690,887,197
1987-06-11,627,891,264
1987-06-12,492,1090,598
1987-06-15,693,839,146
1987-06-16,712,838,126
1987-06-17,796,783,-13
1987-06-18,731,795,64
1987-06-19,618,978,360
1987-06-22,692,907,215
1987-06-23,900,676,-224
1987-06-24,906,632,-274
1987-06-25,596,946,350
1987-06-26,904,593,-311
1987-06-29,822,713,-109
1987-06-30,995,606,-389
1987-07-01,875,658,-217
1987-07-02,570,946,376
1987-07-06,839,719,-120
1987-07-07,535,1075,540
1987-07-08,721,833,112
1987-07-09,756,819,63
1987-07-10,674,855,181
1987-07-13,872,672,-200
1987-07-14,562,1011,449
1987-07-15,767,754,-13
1987-07-16,631,911,280
1987-07-17,654,925,271
1987-07-20,1086,519,-567
1987-07-21,1089,493,-596
1987-07-22,875,685,-190
1987-07-23,945,626,-319
1987-07-24,713,854,141
1987-07-27,688,887,199
1987-07-28,673,900,227
1987-07-29,524,1058,534
1987-07-30,630,971,341
1987-07-31,702,844,142
1987-08-03,999,613,-386
1987-08-04,947,656,-291
1987-08-05,606,976,370
1987-08-06,556,1034,478
1987-08-07,727,880,153
1987-08-10,478,1148,670
1987-08-11,578,1055,477
1987-08-12,915,688,-227
1987-08-13,695,961,266
1987-08-14,855,749,-106
1987-08-17,823,774,-49
1987-08-18,1306,407,-899
1987-08-19,761,779,18
1987-08-20,414,1256,842
1987-08-21,776,803,27
1987-08-24,1019,578,-441
1987-08-25,594,1023,429
1987-08-26,897,683,-214
1987-08-27,1032,548,-484
1987-08-28,1231,395,-836
1987-08-31,601,1007,406
1987-09-01,1197,428,-769
1987-09-02,1216,443,-773
1987-09-03,984,625,-359
1987-09-04,1060,513,-547
1987-09-08,1532,252,-1280
1987-09-09,763,848,85
1987-09-10,494,1103,609
1987-09-11,449,1153,704
1987-09-14,752,833,81
1987-09-15,1159,430,-729
1987-09-16,1034,528,-506
1987-09-17,838,691,-147
1987-09-18,876,702,-174
1987-09-21,1069,489,-580
1987-09-22,555,1058,503
1987-09-23,605,1010,405
1987-09-24,828,734,-94
1987-09-25,789,689,-100
1987-09-28,593,1010,417
1987-09-29,940,636,-304
1987-09-30,674,921,247
1987-10-01,526,1029,503
1987-10-02,731,838,107
1987-10-05,855,688,-167
1987-10-06,1332,338,-994
1987-10-07,1020,546,-474
1987-10-08,1193,404,-789
1987-10-09,1058,498,-560
1987-10-12,1210,377,-833
1987-10-13,629,959,330
1987-10-14,1406,287,-1119
1987-10-15,1441,298,-1143
1987-10-16,1749,111,-1638
1987-10-19,1973,52,-1921
1987-10-20,1445,509,-936
1987-10-21,210,1756,1546
1987-10-22,1540,361,-1179
1987-10-23,1048,670,-378
1987-10-26,1791,134,-1657
1987-10-27,821,941,120
1987-10-28,1153,591,-562
1987-10-29,366,1405,1039
1987-10-30,224,1611,1387
1987-11-02,629,1093,464
1987-11-03,1211,493,-718
1987-11-04,933,713,-220
1987-11-05,450,1281,831
1987-11-06,814,807,-7
1987-11-09,1285,412,-873
1987-11-10,1277,416,-861
1987-11-11,587,995,408
1987-11-12,386,1296,910
1987-11-13,912,692,-220
1987-11-16,701,866,165
1987-11-17,1204,399,-805
1987-11-18,537,1031,494
1987-11-19,1287,366,-921
1987-11-20,826,714,-112
1987-11-23,694,903,209
1987-11-24,502,1139,637
1987-11-25,813,745,-68
1987-11-27,957,514,-443
1987-11-30,1576,201,-1375
1987-12-01,771,819,48
1987-12-02,755,753,-2
1987-12-03,1390,268,-1122
1987-12-04,1306,362,-944
1987-12-07,698,925,227
1987-12-08,473,1151,678
1987-12-09,501,1119,618
1987-12-10,1085,512,-573
1987-12-11,674,829,155
1987-12-14,395,1296,901
1987-12-15,688,928,240
1987-12-16,469,1145,676
1987-12-17,984,643,-341
1987-12-18,403,1290,887
1987-12-21,707,947,240
1987-12-22,935,658,-277
1987-12-23,498,1158,660
1987-12-24,688,781,93
1987-12-28,1392,283,-1109
1987-12-29,992,515,-477
1987-12-30,523,1087,564
1987-12-31,766,804,38
1988-01-04,194,1592,1398
1988-01-05,401,1299,898
1988-01-06,670,948,278
1988-01-07,611,946,335
1988-01-08,1508,204,-1304
1988-01-11,844,759,-85
1988-01-12,1001,538,-463
1988-01-13,720,816,96
1988-01-14,695,783,88
1988-01-15,287,1406,1119
1988-01-18,623,875,252
1988-01-19,775,762,-13
1988-01-20,1329,333,-996
1988-01-21,736,800,64
1988-01-22,415,1132,717
1988-01-25,446,1133,687
1988-01-26,932,593,-339
1988-01-27,706,824,118
1988-01-28,419,1084,665
1988-01-29,483,1054,571
1988-02-01,742,861,119
1988-02-02,673,856,183
1988-02-03,944,662,-282
1988-02-04,756,752,-4
1988-02-05,737,782,45
1988-02-08,963,584,-379
1988-02-09,538,976,438
1988-02-10,354,1219,865
1988-02-11,717,804,87
1988-02-12,556,937,381
1988-02-16,629,887,258
1988-02-17,774,746,-28
1988-02-18,813,688,-125
1988-02-19,491,988,497
1988-02-22,432,1160,728
1988-02-23,725,767,42
1988-02-24,715,825,110
1988-02-25,806,698,-108
1988-02-26,669,798,129
1988-02-29,351,1255,904
1988-03-01,799,712,-87
1988-03-02,583,916,333
1988-03-03,707,793,86
1988-03-04,811,696,-115
1988-03-07,725,847,122
1988-03-08,535,1072,537
1988-03-09,654,872,218
1988-03-10,1202,419,-783
1988-03-11,676,856,180
1988-03-14,794,737,-57
1988-03-15,718,789,71
1988-03-16,558,952,394
1988-03-17,554,995,441
1988-03-18,807,716,-91
1988-03-21,1042,502,-540
1988-03-22,736,765,29
1988-03-23,611,917,306
1988-03-24,1379,269,-1110
1988-03-25,1156,385,-771
1988-03-28,1102,448,-654
1988-03-29,478,1024,546
1988-03-30,917,571,-346
1988-03-31,678,824,146
1988-04-04,1106,458,-648
1988-04-05,590,915,325
1988-04-06,414,1187,773
1988-04-07,541,988,447
1988-04-08,440,1110,670
1988-04-11,632,939,307
1988-04-12,621,898,277
1988-04-13,829,666,-163
1988-04-14,1601,144,-1457
1988-04-15,990,573,-417
1988-04-18,765,771,6
1988-04-19,733,789,56
1988-04-20,1039,483,-556
1988-04-21,801,688,-113
1988-04-22,532,960,428
1988-04-25,603,939,336
1988-04-26,551,926,375
1988-04-27,711,755,44
1988-04-28,850,621,-229
1988-04-29,738,748,10
1988-05-02,875,617,-258
1988-05-03,580,897,317
1988-05-04,923,561,-362
1988-05-05,925,559,-366
1988-05-06,845,602,-243
1988-05-09,975,527,-448
1988-05-10,706,766,60
1988-05-11,1343,256,-1087
1988-05-12,637,796,159
1988-05-13,446,1076,630
1988-05-16,559,901,342
1988-05-17,985,521,-464
1988-05-18,1288,283,-1005
1988-05-19,843,640,-203
1988-05-20,605,841,236
1988-05-23,1078,424,-654
1988-05-24,509,948,439
1988-05-25,633,809,176
1988-05-26,592,787,195
1988-05-27,777,618,-159
1988-05-31,333,1211,878
1988-06-01,330,1290,960
1988-06-02,888,614,-274
1988-06-03,548,946,398
1988-06-06,641,854,213
1988-06-07,877,657,-220
1988-06-08,299,1306,1007
1988-06-09,720,815,95
1988-06-10,585,875,290
1988-06-13,701,769,68
1988-06-14,448,1104,656
1988-06-15,687,781,94
1988-06-16,1100,449,-651
1988-06-17,849,662,-187
1988-06-20,883,588,-295
1988-06-21,543,937,394
1988-06-22,413,1144,731
1988-06-23,803,708,-95
1988-06-24,774,662,-112
1988-06-27,1089,428,-661
1988-06-28,530,965,435
1988-06-29,892,591,-301
1988-06-30,411,1164,753
1988-07-01,848,617,-231
1988-07-05,523,934,411
1988-07-06,976,515,-461
1988-07-07,850,587,-263
1988-07-08,847,563,-284
1988-07-11,682,759,77
1988-07-12,1039,442,-597
1988-07-13,668,782,114
1988-07-14,643,779,136
1988-07-15,632,787,155
1988-07-18,944,542,-402
1988-07-19,929,537,-392
1988-07-20,617,849,232
1988-07-21,1062,412,-650
1988-07-22,1079,406,-673
1988-07-25,778,682,-96
1988-07-26,676,764,88
1988-07-27,936,480,-456
1988-07-28,545,884,339
1988-07-29,329,1178,849
1988-08-01,672,830,158
1988-08-02,711,726,15
1988-08-03,700,767,67
1988-08-04,784,635,-149
1988-08-05,846,566,-280
1988-08-08,781,585,-196
1988-08-09,1206,348,-858
1988-08-10,1401,201,-1200
1988-08-11,828,666,-162
1988-08-12,742,679,-63
1988-08-15,1194,345,-849
1988-08-16,579,884,305
1988-08-17,742,660,-82
1988-08-18,644,740,96
1988-08-19,624,794,170
1988-08-22,466,385,-81
1988-08-23,811,552,-259
1988-08-24,376,1089,713
1988-08-25,998,453,-545
1988-08-26,605,725,120
1988-08-29,494,924,430
1988-08-30,644,741,97
1988-08-31,716,693,-23
1988-09-01,1072,374,-698
1988-09-02,296,1197,901
1988-09-06,626,808,182
1988-09-07,642,825,183
1988-09-08,677,765,88
1988-09-09,596,846,250
1988-09-12,788,606,-182
1988-09-13,601,785,184
1988-09-14,502,979,477
1988-09-15,766,665,-101
1988-09-16,562,889,327
1988-09-19,885,584,-301
1988-09-20,603,862,259
1988-09-21,697,689,-8
1988-09-22,881,556,-325
1988-09-23,681,744,63
1988-09-26,845,550,-295
1988-09-27,764,620,-144
1988-09-28,642,750,108
1988-09-29,412,1065,653
1988-09-30,613,853,240
1988-10-03,954,536,-418
1988-10-04,778,658,-120
1988-10-05,576,864,288
1988-10-06,612,782,170
1988-10-07,399,1140,741
1988-10-10,711,693,-18
1988-10-11,823,593,-230
1988-10-12,1114,397,-717
1988-10-13,669,751,82
1988-10-14,647,740,93
1988-10-17,669,749,80
1988-10-18,543,891,348
1988-10-19,912,561,-351
1988-10-20,416,1058,642
1988-10-21,695,757,62
1988-10-24,866,596,-270
1988-10-25,736,719,-17
1988-10-26,814,624,-190
1988-10-27,1195,340,-855
1988-10-28,595,858,263
1988-10-31,749,702,-47
1988-11-01,743,717,-26
1988-11-02,777,668,-109
1988-11-03,652,781,129
1988-11-04,993,472,-521
1988-11-07,1200,314,-886
1988-11-08,578,852,274
1988-11-09,949,493,-456
1988-11-10,666,715,49
1988-11-11,1235,292,-943
1988-11-14,912,561,-351
1988-11-15,709,715,6
1988-11-16,1237,316,-921
1988-11-17,844,635,-209
1988-11-18,552,841,289
1988-11-21,930,565,-365
1988-11-22,714,729,15
1988-11-23,514,893,379
1988-11-25,783,520,-263
1988-11-28,726,710,-16
1988-11-29,551,938,387
1988-11-30,470,995,525
1988-12-01,805,680,-125
1988-12-02,822,616,-206
1988-12-05,540,929,389
1988-12-06,555,914,359
1988-12-07,632,817,185
1988-12-08,936,510,-426
1988-12-09,639,769,130
1988-12-12,770,642,-128
1988-12-13,890,541,-349
1988-12-14,764,641,-123
1988-12-15,844,544,-300
1988-12-16,476,998,522
1988-12-19,598,841,243
1988-12-20,845,652,-193
1988-12-21,798,659,-139
1988-12-22,764,722,-42
1988-12-23,488,851,363
1988-12-27,800,554,-246
1988-12-28,607,790,183
1988-12-29,477,987,510
1988-12-30,594,945,351
1989-01-03,942,619,-323
1989-01-04,331,1187,856
1989-01-05,611,837,226
1989-01-06,522,964,442
1989-01-09,639,880,241
1989-01-10,816,621,-195
1989-01-11,606,822,216
1989-01-12,586,907,321
1989-01-13,615,836,221
1989-01-16,679,695,16
1989-01-17,800,624,-176
1989-01-18,474,1036,562
1989-01-19,643,814,171
1989-01-20,755,659,-96
1989-01-23,912,553,-359
1989-01-24,477,1009,532
1989-01-25,648,820,172
1989-01-26,512,960,448
1989-01-27,611,929,318
1989-01-30,570,876,306
1989-01-31,541,960,419
1989-02-01,718,753,35
1989-02-02,662,771,109
1989-02-03,642,792,150
1989-02-06,786,636,-150
1989-02-07,425,1095,670
1989-02-08,722,762,40
1989-02-09,1003,504,-499
1989-02-10,1233,301,-932
1989-02-13,861,602,-259
1989-02-14,668,763,95
1989-02-15,556,907,351
1989-02-16,591,816,225
1989-02-17,513,946,433
1989-02-21,872,611,-261
1989-02-22,1197,332,-865
1989-02-23,694,741,47
1989-02-24,1191,327,-864
1989-02-27,800,616,-184
1989-02-28,531,911,380
1989-03-01,816,633,-183
1989-03-02,471,982,511
1989-03-03,582,865,283
1989-03-06,475,995,520
1989-03-07,730,708,-22
1989-03-08,629,785,156
1989-03-09,764,675,-89
1989-03-10,838,612,-226
1989-03-13,574,878,304
1989-03-14,726,683,-43
1989-03-15,615,798,183
1989-03-16,523,939,416
1989-03-17,1445,225,-1220
1989-03-20,1156,357,-799
1989-03-21,545,895,350
1989-03-22,805,609,-196
1989-03-23,814,584,-230
1989-03-27,655,767,112
1989-03-28,584,838,254
1989-03-29,658,741,83
1989-03-30,716,726,10
1989-03-31,411,1038,627
1989-04-03,622,852,230
1989-04-04,838,643,-195
1989-04-05,617,787,170
1989-04-06,842,581,-261
1989-04-07,546,881,335
1989-04-10,694,726,32
1989-04-11,515,878,363
1989-04-12,618,818,200
1989-04-13,1005,456,-549
1989-04-14,404,1074,670
1989-04-17,762,697,-65
1989-04-18,471,1047,576
1989-04-19,634,827,193
1989-04-20,852,599,-253
1989-04-21,523,938,415
1989-04-24,789,667,-122
1989-04-25,827,687,-140
1989-04-26,681,744,63
1989-04-27,485,1021,536
1989-04-28,715,738,23
1989-05-01,832,590,-242
1989-05-02,729,720,-9
1989-05-03,703,674,-29
1989-05-04,728,667,-61
1989-05-05,603,820,217
1989-05-08,969,504,-465
1989-05-09,824,623,-201
1989-05-10,641,722,81
1989-05-11,602,785,183
1989-05-12,360,1214,854
1989-05-15,591,919,328
1989-05-16,784,702,-82
1989-05-17,514,957,443
1989-05-18,655,826,171
1989-05-19,519,1032,513
1989-05-22,695,833,138
1989-05-23,938,594,-344
1989-05-24,661,762,101
1989-05-25,630,839,209
1989-05-26,409,1019,610
1989-05-30,915,580,-335
1989-05-31,558,896,338
1989-06-01,574,879,305
1989-06-02,438,1141,703
1989-06-05,940,610,-330
1989-06-06,584,927,343
1989-06-07,538,983,445
1989-06-08,652,842,190
1989-06-09,773,759,-14
1989-06-12,772,714,-58
1989-06-13,1014,503,-511
1989-06-14,725,745,20
1989-06-15,1078,444,-634
1989-06-16,626,811,185
1989-06-19,733,686,-47
1989-06-20,774,657,-117
1989-06-21,842,617,-225
1989-06-22,626,813,187
1989-06-23,441,1078,637
1989-06-26,840,630,-210
1989-06-27,542,927,385
1989-06-28,997,485,-512
1989-06-29,1325,273,-1052
1989-06-30,900,641,-259
1989-07-03,587,733,146
1989-07-05,566,882,316
1989-07-06,530,965,435
1989-07-07,472,1064,592
1989-07-10,523,966,443
1989-07-11,579,926,347
1989-07-12,610,844,234
1989-07-13,671,798,127
1989-07-14,659,819,160
1989-07-17,713,757,44
1989-07-18,850,618,-232
1989-07-19,458,1058,600
1989-07-20,871,646,-225
1989-07-21,712,723,11
1989-07-24,942,532,-410
1989-07-25,684,772,88
1989-07-26,483,981,498
1989-07-27,496,1021,525
1989-07-28,679,819,140
1989-07-31,490,1054,564
1989-08-01,808,729,-79
1989-08-02,680,866,186
1989-08-03,628,874,246
1989-08-04,867,642,-225
1989-08-07,476,1054,578
1989-08-08,688,834,146
1989-08-09,876,636,-240
1989-08-10,653,838,185
1989-08-11,954,586,-368
1989-08-14,986,473,-513
1989-08-15,689,809,120
1989-08-16,662,819,157
1989-08-17,887,561,-326
1989-08-18,661,776,115
1989-08-21,1178,382,-796
1989-08-22,835,629,-206
1989-08-23,487,1015,528
1989-08-24,359,1180,821
1989-08-25,798,716,-82
1989-08-28,692,760,68
1989-08-29,869,640,-229
1989-08-30,650,795,145
1989-08-31,672,801,129
1989-09-01,498,897,399
1989-09-05,826,618,-208
1989-09-06,1091,433,-658
1989-09-07,714,713,-1
1989-09-08,685,746,61
1989-09-11,936,530,-406
1989-09-12,632,824,192
1989-09-13,912,555,-357
1989-09-14,1108,396,-712
1989-09-15,837,651,-186
1989-09-18,693,751,58
1989-09-19,696,739,43
1989-09-20,726,697,-29
1989-09-21,750,677,-73
1989-09-22,654,747,93
1989-09-25,1031,445,-586
1989-09-26,634,740,106
1989-09-27,826,626,-200
1989-09-28,536,918,382
1989-09-29,565,885,320
1989-10-02,598,861,263
1989-10-03,509,996,487
1989-10-04,656,831,175
1989-10-05,743,741,-2
1989-10-06,667,780,113
1989-10-09,657,705,48
1989-10-10,831,652,-179
1989-10-11,1021,458,-563
1989-10-12,907,543,-364
1989-10-13,1600,153,-1447
1989-10-16,975,749,-226
1989-10-17,931,658,-273
1989-10-18,668,822,154
1989-10-19,355,1235,880
1989-10-20,829,662,-167
1989-10-23,1012,501,-511
1989-10-24,1222,382,-840
1989-10-25,700,784,84
1989-10-26,1141,406,-735
1989-10-27,1108,416,-692
1989-10-30,774,684,-90
1989-10-31,448,1111,663
1989-11-01,644,847,203
1989-11-02,928,565,-363
1989-11-03,794,643,-151
1989-11-06,1180,355,-825
1989-11-07,662,813,151
1989-11-08,418,1091,673
1989-11-09,815,660,-155
1989-11-10,557,901,344
1989-11-13,675,812,137
1989-11-14,831,639,-192
1989-11-15,595,926,331
1989-11-16,748,735,-13
1989-11-17,682,766,84
1989-11-20,1015,473,-542
1989-11-21,860,622,-238
1989-11-22,565,888,323
1989-11-24,447,931,484
1989-11-27,612,883,271
1989-11-28,647,848,201
1989-11-29,892,595,-297
1989-11-30,629,837,208
1989-12-01,531,990,459
1989-12-04,708,810,102
1989-12-05,831,656,-175
1989-12-06,767,714,-53
1989-12-07,843,622,-221
1989-12-08,646,813,167
1989-12-11,844,669,-175
1989-12-12,651,900,249
1989-12-13,734,791,57
1989-12-14,996,529,-467
1989-12-15,924,619,-305
1989-12-18,1289,361,-928
1989-12-19,1021,513,-508
1989-12-20,749,759,10
1989-12-21,627,932,305
1989-12-22,488,1011,523
1989-12-26,664,712,48
1989-12-27,560,928,368
1989-12-28,673,842,169
1989-12-29,484,1083,599
1990-01-02,412,1257,845
1990-01-03,724,887,163
1990-01-04,924,645,-279
1990-01-05,931,591,-340
1990-01-08,717,805,88
1990-01-09,959,565,-394
1990-01-10,1053,516,-537
1990-01-11,566,879,313
1990-01-12,1483,217,-1266
1990-01-15,1091,395,-696
1990-01-16,723,811,88
1990-01-17,867,649,-218
1990-01-18,899,584,-315
1990-01-19,656,830,174
1990-01-22,1336,267,-1069
1990-01-23,864,666,-198
1990-01-24,1207,384,-823
1990-01-25,937,539,-398
1990-01-26,951,557,-394
1990-01-29,961,541,-420
1990-01-30,1156,399,-757
1990-01-31,449,1116,667
1990-02-01,651,881,230
1990-02-02,495,1004,509
1990-02-05,646,838,192
1990-02-06,909,578,-331
1990-02-07,567,941,374
1990-02-08,696,768,72
1990-02-09,667,826,159
1990-02-12,1042,479,-563
1990-02-13,804,675,-129
1990-02-14,681,749,68
1990-02-15,583,908,325
1990-02-16,737,760,23
1990-02-20,1257,327,-930
1990-02-21,963,577,-386
1990-02-22,753,715,-38
1990-02-23,987,468,-519
1990-02-26,639,822,183
1990-02-27,558,927,369
1990-02-28,565,917,352
1990-03-01,633,843,210
1990-03-02,484,982,498
1990-03-05,830,684,-146
1990-03-06,489,1028,539
1990-03-07,762,740,-22
1990-03-08,507,983,476
1990-03-09,876,602,-274
1990-03-12,697,752,55
1990-03-13,913,557,-356
1990-03-14,642,828,186
1990-03-15,690,749,59
1990-03-16,591,884,293
1990-03-19,700,730,30
1990-03-20,892,598,-294
1990-03-21,870,582,-288
1990-03-22,1200,368,-832
1990-03-23,571,884,313
1990-03-26,664,826,162
1990-03-27,569,889,320
1990-03-28,731,724,-7
1990-03-29,861,584,-277
1990-03-30,724,730,6
1990-04-02,1122,434,-688
1990-04-03,431,1071,640
1990-04-04,918,596,-322
1990-04-05,744,703,-41
1990-04-06,860,622,-238
1990-04-09,839,652,-187
1990-04-10,740,723,-17
1990-04-11,762,720,-42
1990-04-12,573,908,335
1990-04-16,778,714,-64
1990-04-17,844,662,-182
1990-04-18,1056,447,-609
1990-04-19,968,511,-457
1990-04-20,1079,401,-678
1990-04-23,1229,328,-901
1990-04-24,833,652,-181
1990-04-25,664,774,110
1990-04-26,764,677,-87
1990-04-27,1070,403,-667
1990-04-30,749,732,-17
1990-05-01,679,820,141
1990-05-02,612,864,252
1990-05-03,557,901,344
1990-05-04,465,1020,555
1990-05-07,571,943,372
1990-05-08,650,813,163
1990-05-09,733,760,27
1990-05-10,601,847,246
1990-05-11,339,1282,943
1990-05-14,555,1062,507
1990-05-15,856,654,-202
1990-05-16,814,701,-113
1990-05-17,649,832,183
1990-05-18,725,742,17
1990-05-21,538,997,459
1990-05-22,689,816,127
1990-05-23,745,761,16
1990-05-24,791,725,-66
1990-05-25,947,543,-404
1990-05-29,434,1107,673
1990-05-30,691,803,112
1990-05-31,682,801,119
1990-06-01,579,978,399
1990-06-04,477,1105,628
1990-06-05,813,774,-39
1990-06-06,872,656,-216
1990-06-07,852,638,-214
1990-06-08,1010,458,-552
1990-06-11,563,918,355
1990-06-12,545,1003,458
1990-06-13,786,722,-64
1990-06-14,917,560,-357
1990-06-15,835,611,-224
1990-06-18,1230,353,-877
1990-06-19,710,788,78
1990-06-20,777,668,-109
1990-06-21,696,774,78
1990-06-22,893,607,-286
1990-06-25,1049,496,-553
1990-06-26,752,706,-46
1990-06-27,597,851,254
1990-06-28,559,911,352
1990-06-29,583,954,371
1990-07-02,744,775,31
1990-07-03,650,834,184
1990-07-05,1058,397,-661
1990-07-06,537,851,314
1990-07-09,673,764,91
1990-07-10,969,529,-440
1990-07-11,506,971,465
1990-07-12,545,987,442
1990-07-13,619,954,335
1990-07-16,678,868,190
1990-07-17,877,643,-234
1990-07-18,1030,483,-547
1990-07-19,858,621,-237
1990-07-20,912,585,-327
1990-07-23,1430,227,-1203
1990-07-24,755,753,-2
1990-07-25,583,895,312
1990-07-26,778,701,-77
1990-07-27,930,530,-400
1990-07-30,792,717,-75
1990-07-31,731,817,86
1990-08-01,777,733,-44
1990-08-02,1211,464,-747
1990-08-03,1457,264,-1193
1990-08-06,1530,255,-1275
1990-08-07,845,740,-105
1990-08-08,601,1015,414
1990-08-09,695,837,142
1990-08-10,1043,448,-595
1990-08-13,766,726,-40
1990-08-14,640,852,212
1990-08-15,619,887,268
1990-08-16,1300,330,-970
1990-08-17,1330,310,-1020
1990-08-20,920,629,-291
1990-08-21,1441,243,-1198
1990-08-22,1202,360,-842
1990-08-23,1645,148,-1497
1990-08-24,649,956,307
1990-08-27,256,1453,1197
1990-08-28,664,837,173
1990-08-29,508,972,464
1990-08-30,998,482,-516
1990-08-31,595,885,290
1990-09-04,814,673,-141
1990-09-05,571,953,382
1990-09-06,960,511,-449
1990-09-07,560,922,362
1990-09-10,739,777,38
1990-09-11,835,609,-226
1990-09-12,638,778,140
1990-09-13,1009,430,-579
1990-09-14,1008,472,-536
1990-09-17,768,681,-87
1990-09-18,854,626,-228
1990-09-19,883,599,-284
1990-09-20,1258,300,-958
1990-09-21,928,595,-333
1990-09-24,1432,233,-1199
1990-09-25,745,770,25
1990-09-26,1119,421,-698
1990-09-27,1182,395,-787
1990-09-28,693,877,184
1990-10-01,442,1203,761
1990-10-02,582,1014,432
1990-10-03,972,564,-408
1990-10-04,780,731,-49
1990-10-05,893,598,-295
1990-10-08,627,822,195
1990-10-09,1313,288,-1025
1990-10-10,1200,356,-844
1990-10-11,1290,301,-989
1990-10-12,640,917,277
1990-10-15,748,802,54
1990-10-16,1077,487,-590
1990-10-17,833,659,-174
1990-10-18,436,1116,680
1990-10-19,499,1129,630
1990-10-22,719,860,141
1990-10-23,695,821,126
1990-10-24,728,762,34
1990-10-25,851,624,-227
1990-10-26,1164,364,-800
1990-10-29,1037,486,-551
1990-10-30,817,685,-132
1990-10-31,758,753,-5
1990-11-01,618,896,278
1990-11-02,466,1091,625
1990-11-05,547,1024,477
1990-11-06,760,709,-51
1990-11-07,1134,444,-690
1990-11-08,654,834,180
1990-11-09,453,1123,670
1990-11-12,381,1163,782
1990-11-13,731,836,105
1990-11-14,532,999,467
1990-11-15,918,591,-327
1990-11-16,725,766,41
1990-11-19,624,902,278
1990-11-20,1043,511,-532
1990-11-21,746,719,-27
1990-11-23,680,650,-30
1990-11-26,728,785,57
1990-11-27,571,959,388
1990-11-28,664,843,179
1990-11-29,839,655,-184
1990-11-30,426,1126,700
1990-12-03,612,964,352
1990-12-04,639,907,268
1990-12-05,485,1087,602
1990-12-06,710,869,159
1990-12-07,778,759,-19
1990-12-10,774,798,24
1990-12-11,999,585,-414
1990-12-12,594,952,358
1990-12-13,747,790,43
1990-12-14,1025,526,-499
1990-12-17,1054,500,-554
1990-12-18,577,969,392
1990-12-19,712,854,142
1990-12-20,813,726,-87
1990-12-21,793,773,-20
1990-12-24,842,527,-315
1990-12-26,639,774,135
1990-12-27,892,598,-294
1990-12-28,800,712,-88
1990-12-31,596,1018,422
1991-01-02,852,725,-127
1991-01-03,936,602,-334
1991-01-04,698,790,92
1991-01-07,1219,362,-857
1991-01-08,927,564,-363
1991-01-09,945,578,-367
1991-01-10,598,892,294
1991-01-11,701,751,50
1991-01-14,1211,362,-849
1991-01-15,735,699,-36
1991-01-16,561,916,355
1991-01-17,263,1519,1256
1991-01-18,678,836,158
1991-01-21,771,732,-39
1991-01-22,742,784,42
1991-01-23,517,998,481
1991-01-24,398,1231,833
1991-01-25,554,982,428
1991-01-28,607,942,335
1991-01-29,686,826,140
1991-01-30,406,1216,810
1991-01-31,511,1089,578
1991-02-01,605,1023,418
1991-02-04,359,1362,1003
1991-02-05,517,1151,634
1991-02-06,449,1222,773
1991-02-07,837,849,12
1991-02-08,618,974,356
1991-02-11,329,1432,1103
1991-02-12,854,781,-73
1991-02-13,553,1055,502
1991-02-14,1033,612,-421
1991-02-15,470,1173,703
1991-02-19,860,791,-69
1991-02-20,1098,531,-567
1991-02-21,715,834,119
1991-02-22,715,820,105
1991-02-25,649,939,290
1991-02-26,1154,443,-711
1991-02-27,503,1063,560
1991-02-28,567,1075,508
1991-03-01,644,953,309
1991-03-04,605,1009,404
1991-03-05,391,1272,881
1991-03-06,779,903,124
1991-03-07,838,752,-86
1991-03-08,807,794,-13
1991-03-11,935,649,-286
1991-03-12,1019,565,-454
1991-03-13,633,933,300
1991-03-14,785,787,2
1991-03-15,1028,561,-467
1991-03-18,841,722,-119
1991-03-19,1142,466,-676
1991-03-20,671,850,179
1991-03-21,749,818,69
1991-03-22,743,793,50
1991-03-25,610,952,342
1991-03-26,537,1041,504
1991-03-27,708,879,171
1991-03-28,679,859,180
1991-04-01,979,637,-342
1991-04-02,447,1193,746
1991-04-03,673,957,284
1991-04-04,683,967,284
1991-04-05,957,601,-356
1991-04-08,614,940,326
1991-04-09,1043,576,-467
1991-04-10,859,712,-147
1991-04-11,508,1108,600
1991-04-12,631,950,319
1991-04-15,682,935,253
1991-04-16,514,1126,612
1991-04-17,576,1032,456
1991-04-18,917,708,-209
1991-04-19,1028,585,-443
1991-04-22,1248,444,-804
1991-04-23,794,830,36
1991-04-24,725,841,116
1991-04-25,970,577,-393
1991-04-26,859,672,-187
1991-04-29,1098,473,-625
1991-04-30,757,843,86
1991-05-01,486,1155,669
1991-05-02,630,941,311
1991-05-03,749,748,-1
1991-05-06,793,741,-52
1991-05-07,836,739,-97
1991-05-08,682,867,185
1991-05-09,516,1101,585
1991-05-10,1122,491,-631
1991-05-13,777,787,10
1991-05-14,1189,388,-801
1991-05-15,1074,567,-507
1991-05-16,569,989,420
1991-05-17,813,684,-129
1991-05-20,851,702,-149
1991-05-21,578,984,406
1991-05-22,798,766,-32
1991-05-23,790,737,-53
1991-05-24,541,963,422
1991-05-28,540,1036,496
1991-05-29,627,920,293
1991-05-30,458,1139,681
1991-05-31,514,1106,592
1991-06-03,750,808,58
1991-06-04,789,789,0
1991-06-05,891,672,-219
1991-06-06,870,673,-197
1991-06-07,1121,465,-656
1991-06-10,920,654,-266
1991-06-11,693,865,172
1991-06-12,1238,364,-874
1991-06-13,726,793,67
1991-06-14,539,1025,486
1991-06-17,853,657,-196
1991-06-18,893,615,-278
1991-06-19,1156,414,-742
1991-06-20,863,648,-215
1991-06-21,701,840,139
1991-06-24,1331,308,-1023
1991-06-25,887,623,-264
1991-06-26,872,699,-173
1991-06-27,591,949,358
1991-06-28,901,677,-224
1991-07-01,474,1159,685
1991-07-02,757,778,21
1991-07-03,1109,454,-655
1991-07-05,556,795,239
1991-07-08,660,882,222
1991-07-09,713,822,109
1991-07-10,709,855,146
1991-07-11,638,862,224
1991-07-12,520,1024,504
1991-07-15,595,996,401
1991-07-16,755,840,85
1991-07-17,742,824,82
1991-07-18,533,1026,493
1991-07-19,783,753,-30
1991-07-22,915,692,-223
1991-07-23,1014,569,-445
1991-07-24,873,660,-213
1991-07-25,677,899,222
1991-07-26,734,780,46
1991-07-29,708,807,99
1991-07-30,551,1029,478
1991-07-31,622,963,341
1991-08-01,885,684,-201
1991-08-02,683,894,211
1991-08-05,957,596,-361
1991-08-06,502,1095,593
1991-08-07,694,886,192
1991-08-08,800,759,-41
1991-08-09,868,695,-173
1991-08-12,776,767,-9
1991-08-13,667,933,266
1991-08-14,700,887,187
1991-08-15,782,792,10
1991-08-16,1036,500,-536
1991-08-19,1566,241,-1325
1991-08-20,566,1088,522
1991-08-21,268,1478,1210
1991-08-22,698,896,198
1991-08-23,610,973,363
1991-08-26,809,751,-58
1991-08-27,873,697,-176
1991-08-28,519,1063,544
1991-08-29,787,795,8
1991-08-30,753,786,33
1991-09-03,955,613,-342
1991-09-04,1016,554,-462
1991-09-05,853,700,-153
1991-09-06,799,762,-37
1991-09-09,803,732,-71
1991-09-10,1181,416,-765
1991-09-11,800,731,-69
1991-09-12,604,950,346
1991-09-13,902,682,-220
1991-09-16,704,912,208
1991-09-17,843,724,-119
1991-09-18,700,844,144
1991-09-19,650,906,256
1991-09-20,653,911,258
1991-09-23,906,651,-255
1991-09-24,688,876,188
1991-09-25,838,732,-106
1991-09-26,709,877,168
1991-09-27,764,793,29
1991-09-30,514,1071,557
1991-10-01,700,894,194
1991-10-02,838,783,-55
1991-10-03,1047,514,-533
1991-10-04,895,668,-227
1991-10-07,1092,516,-576
1991-10-08,688,902,214
1991-10-09,1072,545,-527
1991-10-10,718,803,85
1991-10-11,638,916,278
1991-10-14,463,1090,627
1991-10-15,488,1151,663
1991-10-16,608,1063,455
1991-10-17,846,776,-70
1991-10-18,723,900,177
1991-10-21,1014,626,-388
1991-10-22,914,685,-229
1991-10-23,887,684,-203
1991-10-24,1072,518,-554
1991-10-25,920,682,-238
1991-10-28,596,1001,405
1991-10-29,610,1031,421
1991-10-30,654,977,323
1991-10-31,725,904,179
1991-11-01,845,772,-73
1991-11-04,974,658,-316
1991-11-05,869,763,-106
1991-11-06,728,896,168
1991-11-07,560,1085,525
1991-11-08,736,896,160
1991-11-11,748,838,90
1991-11-12,595,1092,497
1991-11-13,833,778,-55
1991-11-14,853,804,-49
1991-11-15,1484,334,-1150
1991-11-18,989,723,-266
1991-11-19,1439,341,-1098
1991-11-20,892,791,-101
1991-11-21,804,842,38
1991-11-22,1149,507,-642
1991-11-25,1057,629,-428
1991-11-26,779,869,90
1991-11-27,879,739,-140
1991-11-29,751,775,24
1991-12-02,781,927,146
1991-12-03,826,852,26
1991-12-04,854,763,-91
1991-12-05,1037,619,-418
1991-12-06,775,874,99
1991-12-09,941,699,-242
1991-12-10,1041,639,-402
1991-12-11,1026,626,-400
1991-12-12,603,1044,441
1991-12-13,563,1090,527
1991-12-16,710,1000,290
1991-12-17,1139,594,-545
1991-12-18,921,756,-165
1991-12-19,1026,693,-333
1991-12-20,618,1138,520
1991-12-23,435,1410,975
1991-12-24,421,1277,856
1991-12-26,456,1286,830
1991-12-27,609,1085,476
1991-12-30,460,1387,927
1991-12-31,612,1247,635
1992-01-02,917,871,-46
1992-01-03,680,1079,399
1992-01-06,787,1059,272
1992-01-07,881,916,35
1992-01-08,707,1073,366
1992-01-09,783,1014,231
1992-01-10,1093,669,-424
1992-01-13,964,808,-156
1992-01-14,525,1250,725
1992-01-15,652,1153,501
1992-01-16,900,934,34
1992-01-17,831,922,91
1992-01-20,947,759,-188
1992-01-21,1195,578,-617
1992-01-22,628,1147,519
1992-01-23,939,798,-141
1992-01-24,813,908,95
1992-01-27,831,890,59
1992-01-28,812,891,79
1992-01-29,1054,653,-401
1992-01-30,789,888,99
1992-01-31,942,748,-194
1992-02-03,820,923,103
1992-02-04,620,1116,496
1992-02-05,749,966,217
1992-02-06,772,912,140
1992-02-07,977,702,-275
1992-02-10,658,1062,404
1992-02-11,774,935,161
1992-02-12,648,1096,448
1992-02-13,1113,609,-504
1992-02-14,902,786,-116
1992-02-18,1080,714,-366
1992-02-19,963,753,-210
1992-02-20,593,1158,565
1992-02-21,981,725,-256
1992-02-24,1013,726,-287
1992-02-25,1082,644,-438
1992-02-26,578,1141,563
1992-02-27,810,912,102
1992-02-28,895,825,-70
1992-03-02,806,907,101
1992-03-03,776,929,153
1992-03-04,1065,613,-452
1992-03-05,1267,486,-781
1992-03-06,1100,602,-498
1992-03-09,852,884,32
1992-03-10,630,1076,446
1992-03-11,1168,516,-652
1992-03-12,1016,629,-387
1992-03-13,675,987,312
1992-03-16,922,782,-140
1992-03-17,651,1051,400
1992-03-18,798,917,119
1992-03-19,781,926,145
1992-03-20,777,920,143
1992-03-23,996,699,-297
1992-03-24,1001,740,-261
1992-03-25,883,767,-116
1992-03-26,842,765,-77
1992-03-27,1244,449,-795
1992-03-30,922,712,-210
1992-03-31,797,897,100
1992-04-01,1027,666,-361
1992-04-02,1109,605,-504
1992-04-03,949,689,-260
1992-04-06,697,1027,330
1992-04-07,1394,414,-980
1992-04-08,1388,435,-953
1992-04-09,523,1280,757
1992-04-10,532,1221,689
1992-04-13,773,960,187
1992-04-14,512,1220,708
1992-04-15,651,1111,460
1992-04-16,898,805,-93
1992-04-20,1274,497,-777
1992-04-21,937,782,-155
1992-04-22,874,832,-42
1992-04-23,857,830,-27
1992-04-24,883,823,-60
1992-04-27,902,798,-104
1992-04-28,961,724,-237
1992-04-29,602,1090,488
1992-04-30,562,1198,636
1992-05-01,922,794,-128
1992-05-04,585,1163,578
1992-05-05,783,935,152
1992-05-06,693,1041,348
1992-05-07,817,821,4
1992-05-08,819,853,34
1992-05-11,660,1100,440
1992-05-12,980,750,-230
1992-05-13,829,883,54
1992-05-14,1180,549,-631
1992-05-15,1041,628,-413
1992-05-18,710,1033,323
1992-05-19,698,1010,312
1992-05-20,881,821,-60
1992-05-21,1125,585,-540
1992-05-22,670,973,303
1992-05-26,1120,618,-502
1992-05-27,822,845,23
1992-05-28,683,999,316
1992-05-29,715,992,277
1992-06-01,775,950,175
1992-06-02,917,815,-102
1992-06-03,848,843,-5
1992-06-04,942,762,-180
1992-06-05,868,780,-88
1992-06-08,887,827,-60
1992-06-09,1160,580,-580
1992-06-10,1121,587,-534
1992-06-11,868,781,-87
1992-06-12,668,1026,358
1992-06-15,932,742,-190
1992-06-16,952,775,-177
1992-06-17,1426,379,-1047
1992-06-18,1136,598,-538
1992-06-19,715,1014,299
1992-06-22,1140,602,-538
1992-06-23,721,1011,290
1992-06-24,845,868,23
1992-06-25,815,861,46
1992-06-26,822,855,33
1992-06-29,581,1221,640
1992-06-30,727,1004,277
1992-07-01,548,1217,669
1992-07-02,840,932,92
1992-07-06,794,1010,216
1992-07-07,1059,720,-339
1992-07-08,897,834,-63
1992-07-09,517,1229,712
1992-07-10,675,1023,348
1992-07-13,738,997,259
1992-07-14,659,1095,436
1992-07-15,797,901,104
1992-07-16,820,877,57
1992-07-17,1054,613,-441
1992-07-20,1111,605,-506
1992-07-21,844,901,57
1992-07-22,1092,643,-449
1992-07-23,758,962,204
1992-07-24,866,851,-15
1992-07-27,804,928,124
1992-07-28,444,1373,929
1992-07-29,524,1353,829
1992-07-30,730,1025,295
1992-07-31,781,997,216
1992-08-03,787,958,171
1992-08-04,848,861,13
1992-08-05,1026,709,-317
1992-08-06,987,721,-266
1992-08-07,914,773,-141
1992-08-10,960,798,-162
1992-08-11,941,796,-145
1992-08-12,933,757,-176
1992-08-13,915,820,-95
1992-08-14,598,1099,501
1992-08-17,780,971,191
1992-08-18,783,922,139
1992-08-19,1132,584,-548
1992-08-20,963,779,-184
1992-08-21,1036,669,-367
1992-08-24,1490,399,-1091
1992-08-25,1002,719,-283
1992-08-26,732,1013,281
1992-08-27,662,1087,425
1992-08-28,749,955,206
1992-08-31,885,855,-30
1992-09-01,747,960,213
1992-09-02,617,1110,493
1992-09-03,777,985,208
1992-09-04,860,810,-50
1992-09-08,1120,585,-535
1992-09-09,801,964,163
1992-09-10,611,1152,541
1992-09-11,894,877,-17
1992-09-14,571,1300,729
1992-09-15,1316,497,-819
1992-09-16,981,780,-201
1992-09-17,942,798,-144
1992-09-18,667,1101,434
1992-09-21,1022,729,-293
1992-09-22,1226,540,-686
1992-09-23,950,767,-183
1992-09-24,739,953,214
1992-09-25,1122,603,-519
1992-09-28,791,908,117
1992-09-29,827,878,51
1992-09-30,706,1028,322
1992-10-01,1036,730,-306
1992-10-02,1308,453,-855
1992-10-05,1510,426,-1084
1992-10-06,744,1021,277
1992-10-07,989,695,-294
1992-10-08,639,1082,443
1992-10-09,1201,531,-670
1992-10-12,599,1098,499
1992-10-13,703,1020,317
1992-10-14,885,823,-62
1992-10-15,831,888,57
1992-10-16,800,973,173
1992-10-19,742,1068,326
1992-10-20,812,1037,225
1992-10-21,925,848,-77
1992-10-22,969,805,-164
1992-10-23,833,915,82
1992-10-26,709,1087,378
1992-10-27,899,862,-37
1992-10-28,732,1016,284
1992-10-29,774,975,201
1992-10-30,895,868,-27
1992-11-02,742,1089,347
1992-11-03,941,844,-97
1992-11-04,1011,734,-277
1992-11-05,812,975,163
1992-11-06,889,892,3
1992-11-09,853,992,139
1992-11-10,819,979,160
1992-11-11,655,1171,516
1992-11-12,875,922,47
1992-11-13,866,922,56
1992-11-16,1038,738,-300
1992-11-17,1020,778,-242
1992-11-18,638,1193,555
1992-11-19,813,943,130
1992-11-20,699,1103,404
1992-11-23,984,814,-170
1992-11-24,711,1101,390
1992-11-25,745,1082,337
1992-11-27,660,984,324
1992-11-30,665,1137,472
1992-12-01,935,922,-13
1992-12-02,947,859,-88
1992-12-03,871,914,43
1992-12-04,744,1001,257
1992-12-07,673,1210,537
1992-12-08,817,1026,209
1992-12-09,1121,734,-387
1992-12-10,1046,786,-260
1992-12-11,919,840,-79
1992-12-14,1001,816,-185
1992-12-15,973,844,-129
1992-12-16,1051,775,-276
1992-12-17,664,1139,475
1992-12-18,580,1279,699
1992-12-21,1018,875,-143
1992-12-22,901,984,83
1992-12-23,894,929,35
1992-12-24,705,954,249
1992-12-28,999,809,-190
1992-12-29,815,992,177
1992-12-30,769,1065,296
1992-12-31,694,1126,432
1993-01-04,1046,888,-158
1993-01-05,799,1074,275
1993-01-06,780,1091,311
1993-01-07,1158,735,-423
1993-01-08,1184,687,-497
1993-01-11,727,1098,371
1993-01-12,888,890,2
1993-01-13,743,1075,332
1993-01-14,689,1185,496
1993-01-15,610,1254,644
1993-01-18,868,977,109
1993-01-19,877,979,102
1993-01-20,974,883,-91
1993-01-21,806,1008,202
1993-01-22,762,1097,335
1993-01-25,646,1348,702
1993-01-26,824,1097,273
1993-01-27,1160,719,-441
1993-01-28,918,900,-18
1993-01-29,828,1021,193
1993-02-01,670,1189,519
1993-02-02,775,1095,320
1993-02-03,604,1317,713
1993-02-04,623,1341,718
1993-02-05,1005,916,-89
1993-02-08,973,929,-44
1993-02-09,1206,715,-491
1993-02-10,873,952,79
1993-02-11,774,1076,302
1993-02-12,1116,736,-380
1993-02-16,1698,375,-1323
1993-02-17,1151,783,-368
1993-02-18,878,1040,162
1993-02-19,682,1275,593
1993-02-22,935,1061,126
1993-02-23,927,1057,130
1993-02-24,697,1224,527
1993-02-25,817,1056,239
1993-02-26,757,1151,394
1993-03-01,852,1103,251
1993-03-02,656,1273,617
1993-03-03,632,1296,664
1993-03-04,931,967,36
1993-03-05,961,922,-39
1993-03-08,506,1497,991
1993-03-09,825,1130,305
1993-03-10,852,1031,179
1993-03-11,954,951,-3
1993-03-12,1390,553,-837
1993-03-15,842,1029,187
1993-03-16,945,955,10
1993-03-17,1158,736,-422
1993-03-18,652,1254,602
1993-03-19,1059,808,-251
1993-03-22,1199,691,-508
1993-03-23,983,888,-95
1993-03-24,1001,883,-118
1993-03-25,741,1149,408
1993-03-26,1007,837,-170
1993-03-29,808,1081,273
1993-03-30,855,1025,170
1993-03-31,729,1161,432
1993-04-01,1043,852,-191
1993-04-02,1614,397,-1217
1993-04-05,988,916,-72
1993-04-06,1055,867,-188
1993-04-07,861,1064,203
1993-04-08,878,988,110
1993-04-12,610,1341,731
1993-04-13,704,1255,551
1993-04-14,874,1021,147
1993-04-15,1016,931,-85
1993-04-16,887,961,74
1993-04-19,1182,779,-403
1993-04-20,1232,698,-534
1993-04-21,963,917,-46
1993-04-22,1148,789,-359
1993-04-23,1183,746,-437
1993-04-26,1260,647,-613
1993-04-27,954,962,8
1993-04-28,917,987,70
1993-04-29,875,1021,146
1993-04-30,670,1210,540
1993-05-03,805,1099,294
1993-05-04,702,1267,565
1993-05-05,788,1116,328
1993-05-06,943,940,-3
1993-05-07,981,858,-123
1993-05-10,835,1075,240
1993-05-11,856,1053,197
1993-05-12,938,952,14
1993-05-13,1412,597,-815
1993-05-14,1016,889,-127
1993-05-17,1073,854,-219
1993-05-18,1082,833,-249
1993-05-19,761,1196,435
1993-05-20,775,1130,355
1993-05-21,1134,797,-337
1993-05-24,992,950,-42
1993-05-25,795,1127,332
1993-05-26,654,1264,610
1993-05-27,998,923,-75
1993-05-28,1014,825,-189
1993-06-01,712,1231,519
1993-06-02,902,1007,105
1993-06-03,1000,881,-119
1993-06-04,1199,744,-455
1993-06-07,1149,771,-378
1993-06-08,1334,621,-713
1993-06-09,887,1038,151
1993-06-10,1044,796,-248
1993-06-11,815,1068,253
1993-06-14,960,946,-14
1993-06-15,922,997,75
1993-06-16,897,984,87
1993-06-17,881,994,113
1993-06-18,1218,693,-525
1993-06-21,837,1119,282
1993-06-22,959,949,-10
1993-06-23,1073,845,-228
1993-06-24,771,1139,368
1993-06-25,767,1076,309
1993-06-28,586,1375,789
1993-06-29,979,970,-9
1993-06-30,830,1125,295
1993-07-01,825,1185,360
1993-07-02,1083,826,-257
1993-07-06,1128,856,-272
1993-07-07,908,1016,108
1993-07-08,725,1292,567
1993-07-09,845,1075,230
1993-07-12,898,1027,129
1993-07-13,953,983,30
1993-07-14,792,1224,432
1993-07-15,1013,948,-65
1993-07-16,1024,905,-119
1993-07-19,1070,852,-218
1993-07-20,1064,877,-187
1993-07-21,1051,923,-128
1993-07-22,1208,767,-441
1993-07-23,865,1026,161
1993-07-26,776,1214,438
1993-07-27,1054,855,-199
1993-07-28,975,924,-51
1993-07-29,740,1249,509
1993-07-30,999,926,-73
1993-08-02,795,1188,393
1993-08-03,920,1051,131
1993-08-04,938,969,31
1993-08-05,1055,896,-159
1993-08-06,876,983,107
1993-08-09,804,1210,406
1993-08-10,949,1002,53
1993-08-11,885,1059,174
1993-08-12,1075,849,-226
1993-08-13,860,1028,168
1993-08-16,793,1161,368
1993-08-17,922,1020,98
1993-08-18,772,1263,491
1993-08-19,979,983,4
1993-08-20,959,1006,47
1993-08-23,1032,935,-97
1993-08-24,698,1301,603
1993-08-25,865,1108,243
1993-08-26,914,1029,115
1993-08-27,988,910,-78
1993-08-30,780,1120,340
1993-08-31,788,1192,404
1993-09-01,939,1019,80
1993-09-02,1033,945,-88
1993-09-03,890,1019,129
1993-09-07,1239,763,-476
1993-09-08,1430,606,-824
1993-09-09,877,1130,253
1993-09-10,676,1322,646
1993-09-13,969,1057,88
1993-09-14,1329,679,-650
1993-09-15,986,964,-22
1993-09-16,990,934,-56
1993-09-17,955,962,7
1993-09-20,1119,866,-253
1993-09-21,1464,600,-864
1993-09-22,665,1337,672
1993-09-23,889,1121,232
1993-09-24,950,1014,64
1993-09-27,727,1308,581
1993-09-28,926,1082,156
1993-09-29,1006,998,-8
1993-09-30,866,1130,264
1993-10-01,886,1102,216
1993-10-04,878,1149,271
1993-10-05,1001,1010,9
1993-10-06,876,1121,245
1993-10-07,1103,851,-252
1993-10-08,850,1109,259
1993-10-11,943,1029,86
1993-10-12,937,1081,144
1993-10-13,1004,953,-51
1993-10-14,913,1162,249
1993-10-15,808,1200,392
1993-10-18,1048,1021,-27
1993-10-19,1228,774,-454
1993-10-20,1112,920,-192
1993-10-21,1079,956,-123
1993-10-22,1042,984,-58
1993-10-25,1085,929,-156
1993-10-26,1131,890,-241
1993-10-27,971,1031,60
1993-10-28,869,1164,295
1993-10-29,813,1198,385
1993-11-01,957,1078,121
1993-11-02,1134,891,-243
1993-11-03,1529,570,-959
1993-11-04,1656,479,-1177
1993-11-05,1265,866,-399
1993-11-08,917,1176,259
1993-11-09,900,1195,295
1993-11-10,864,1197,333
1993-11-11,1115,934,-181
1993-11-12,856,1200,344
1993-11-15,1256,827,-429
1993-11-16,1003,1075,72
1993-11-17,1311,780,-531
1993-11-18,1276,795,-481
1993-11-19,1333,795,-538
1993-11-22,1700,484,-1216
1993-11-23,898,1162,264
1993-11-24,793,1209,416
1993-11-26,666,1113,447
1993-11-29,1067,1053,-14
1993-11-30,1095,990,-105
1993-12-01,804,1315,511
1993-12-02,846,1168,322
1993-12-03,832,1208,376
1993-12-06,866,1219,353
1993-12-07,999,1053,54
1993-12-08,1001,1065,64
1993-12-09,1157,889,-268
1993-12-10,1092,961,-131
1993-12-13,1056,991,-65
1993-12-14,1376,696,-680
1993-12-15,1172,895,-277
1993-12-16,952,1143,191
1993-12-17,666,1453,787
1993-12-20,1125,990,-135
1993-12-21,1211,876,-335
1993-12-22,953,1151,198
1993-12-23,835,1257,422
1993-12-27,787,1305,518
1993-12-28,825,1217,392
1993-12-29,859,1170,311
1993-12-30,1093,991,-102
1993-12-31,891,1191,300
1994-01-03,1318,902,-416
1994-01-04,918,1204,286
1994-01-05,999,1196,197
1994-01-06,1054,1076,22
1994-01-07,855,1280,425
1994-01-10,852,1326,474
1994-01-11,1145,1004,-141
1994-01-12,956,1146,190
1994-01-13,1142,936,-206
1994-01-14,871,1245,374
1994-01-17,1071,994,-77
1994-01-18,892,1210,318
1994-01-19,983,1144,161
1994-01-20,960,1110,150
1994-01-21,1086,980,-106
1994-01-24,1206,934,-272
1994-01-25,1202,883,-319
1994-01-26,888,1172,284
1994-01-27,784,1329,545
1994-01-28,770,1324,554
1994-01-31,733,1396,663
1994-02-01,1148,961,-187
1994-02-02,851,1279,428
1994-02-03,1190,918,-272
1994-02-04,2037,316,-1721
1994-02-07,1178,1044,-134
1994-02-08,962,1172,210
1994-02-09,850,1289,439
1994-02-10,1311,811,-500
1994-02-11,1214,801,-413
1994-02-14,1029,1134,105
1994-02-15,882,1198,316
1994-02-16,965,1183,218
1994-02-17,1251,882,-369
1994-02-18,1411,706,-705
1994-02-22,1003,1139,136
1994-02-23,1177,948,-229
1994-02-24,1795,442,-1353
1994-02-25,963,1169,206
1994-02-28,727,1457,730
1994-03-01,1449,716,-733
1994-03-02,1404,788,-616
1994-03-03,1190,950,-240
1994-03-04,829,1279,450
1994-03-07,762,1443,681
1994-03-08,1174,944,-230
1994-03-09,1098,1034,-64
1994-03-10,1486,688,-798
1994-03-11,962,1137,175
1994-03-14,949,1159,210
1994-03-15,1000,1138,138
1994-03-16,803,1346,543
1994-03-17,1015,1149,134
1994-03-18,1091,1071,-20
1994-03-21,1580,627,-953
1994-03-22,925,1189,264
1994-03-23,945,1159,214
1994-03-24,1739,520,-1219
1994-03-25,1198,860,-338
1994-03-28,1567,652,-915
1994-03-29,2034,280,-1754
1994-03-30,2041,357,-1684
1994-03-31,1532,752,-780
1994-04-04,2121,376,-1745
1994-04-05,315,2152,1837
1994-04-06,956,1268,312
1994-04-07,761,1370,609
1994-04-08,1406,800,-606
1994-04-11,1022,1168,146
1994-04-12,1258,872,-386
1994-04-13,1505,696,-809
1994-04-14,1224,932,-292
1994-04-15,1108,1029,-79
1994-04-18,1645,631,-1014
1994-04-19,1491,749,-742
1994-04-20,1417,835,-582
1994-04-21,704,1573,869
1994-04-22,930,1282,352
1994-04-25,667,1552,885
1994-04-26,913,1268,355
1994-04-28,1275,936,-339
1994-04-29,855,1297,442
1994-05-02,946,1235,289
1994-05-03,1112,993,-119
1994-05-04,1212,917,-295
1994-05-05,1087,1019,-68
1994-05-06,1713,558,-1155
1994-05-09,1756,509,-1247
1994-05-10,887,1327,440
1994-05-11,1550,672,-878
1994-05-12,977,1207,230
1994-05-13,1091,1033,-58
1994-05-16,1188,985,-203
1994-05-17,843,1360,517
1994-05-18,679,1629,950
1994-05-19,886,1318,432
1994-05-20,1146,1027,-119
1994-05-23,1238,918,-320
1994-05-24,908,1243,335
1994-05-25,1029,1111,82
1994-05-26,915,1183,268
1994-05-27,913,1128,215
1994-05-31,1203,971,-232
1994-06-01,934,1177,243
1994-06-02,866,1296,430
1994-06-03,795,1350,555
1994-06-06,864,1320,456
1994-06-07,1190,902,-288
1994-06-08,1175,955,-220
1994-06-09,1081,988,-93
1994-06-10,878,1189,311
1994-06-13,1037,1066,29
1994-06-14,825,1298,473
1994-06-15,1168,950,-218
1994-06-16,960,1164,204
1994-06-17,1429,769,-660
1994-06-20,1748,495,-1253
1994-06-21,1732,511,-1221
1994-06-22,862,1266,404
1994-06-23,1424,720,-704
1994-06-24,1896,383,-1513
1994-06-27,1054,1108,54
1994-06-28,1343,775,-568
1994-06-29,885,1251,366
1994-06-30,1275,951,-324
1994-07-01,810,1282,472
1994-07-05,1030,1091,61
1994-07-06,1082,1024,-58
1994-07-07,858,1263,405
1994-07-08,1170,964,-206
1994-07-11,1165,1023,-142
1994-07-12,1012,1074,62
1994-07-13,912,1155,243
1994-07-14,555,1663,1108
1994-07-15,876,1203,327
1994-07-18,1023,1135,112
1994-07-19,1108,979,-129
1994-07-20,1401,756,-645
1994-07-21,1111,967,-144
1994-07-22,982,1103,121
1994-07-25,1050,1077,27
1994-07-26,1165,935,-230
1994-07-27,1272,897,-375
1994-07-28,999,1079,80
1994-07-29,614,1629,1015
1994-08-01,802,1408,606
1994-08-02,906,1268,362
1994-08-03,1004,1100,96
1994-08-04,1188,912,-276
1994-08-05,1341,794,-547
1994-08-08,962,1169,207
1994-08-09,1145,974,-171
1994-08-10,941,1186,245
1994-08-11,1378,757,-621
1994-08-12,845,1236,391
1994-08-15,1040,1064,24
1994-08-16,919,1275,356
1994-08-17,963,1190,227
1994-08-18,1299,890,-409
1994-08-19,917,1157,240
1994-08-22,1238,922,-316
1994-08-23,766,1347,581
1994-08-24,814,1379,565
1994-08-25,1122,1057,-65
1994-08-26,699,1508,809
1994-08-29,903,1237,334
1994-08-30,865,1281,416
1994-08-31,965,1236,271
1994-09-01,1321,852,-469
1994-09-02,1066,953,-113
1994-09-06,1142,956,-186
1994-09-07,1114,1036,-78
1994-09-08,837,1319,482
1994-09-09,1635,584,-1051
1994-09-12,1404,735,-669
1994-09-13,998,1142,144
1994-09-14,1058,1108,50
1994-09-15,625,1529,904
1994-09-16,1418,739,-679
1994-09-19,1214,966,-248
1994-09-20,1812,492,-1320
1994-09-21,1586,642,-944
1994-09-22,1155,1007,-148
1994-09-23,1274,891,-383
1994-09-26,1153,982,-171
1994-09-27,1169,1010,-159
1994-09-28,806,1401,595
1994-09-29,1262,874,-388
1994-09-30,850,1303,453
1994-10-03,1351,841,-510
1994-10-04,1736,542,-1194
1994-10-05,1761,543,-1218
1994-10-06,1124,988,-136
1994-10-07,946,1245,299
1994-10-10,731,1414,683
1994-10-11,668,1560,892
1994-10-12,1110,1015,-95
1994-10-13,886,1333,447
1994-10-14,1054,1022,-32
1994-10-17,1129,1057,-72
1994-10-18,1299,891,-408
1994-10-19,1033,1137,104
1994-10-20,1523,702,-821
1994-10-21,1273,843,-430
1994-10-24,1537,698,-839
1994-10-25,1408,799,-609
1994-10-26,1219,1000,-219
1994-10-27,933,1257,324
1994-10-28,616,1661,1045
1994-10-31,1160,1047,-113
1994-11-01,1619,627,-992
1994-11-02,1275,943,-332
1994-11-03,1050,1089,39
1994-11-04,1503,703,-800
1994-11-07,1395,839,-556
1994-11-08,1061,1118,57
1994-11-09,1189,1019,-170
1994-11-10,1356,804,-552
1994-11-11,1548,639,-909
1994-11-14,1015,1258,243
1994-11-15,1103,1127,24
1994-11-16,1198,1038,-160
1994-11-17,1470,762,-708
1994-11-18,1422,801,-621
1994-11-21,1492,810,-682
1994-11-22,1901,491,-1410
1994-11-23,1239,1144,-95
1994-11-25,569,1505,936
1994-11-28,1091,1160,69
1994-11-29,1075,1155,80
1994-11-30,1011,1263,252
1994-12-01,1553,692,-861
1994-12-02,889,1402,513
1994-12-05,1061,1183,122
1994-12-06,1282,943,-339
1994-12-07,1548,691,-857
1994-12-08,1813,541,-1272
1994-12-09,1303,943,-360
1994-12-12,1123,1112,-11
1994-12-13,1027,1256,229
1994-12-14,771,1565,794
1994-12-15,815,1499,684
1994-12-16,938,1364,426
1994-12-19,1301,971,-330
1994-12-20,1125,1126,1
1994-12-21,881,1473,592
1994-12-22,1216,1115,-101
1994-12-23,949,1223,274
1994-12-27,1031,1214,183
1994-12-28,1335,879,-456
1994-12-29,1086,1164,78
1994-12-30,1018,1376,358
1995-01-03,1202,1186,-16
1995-01-04,949,1414,465
1995-01-05,1075,1155,80
1995-01-06,981,1218,237
1995-01-09,1011,1188,177
1995-01-10,1145,1145,0
1995-01-11,1179,1051,-128
1995-01-12,1057,1128,71
1995-01-13,658,1680,1022
1995-01-16,799,1448,649
1995-01-17,948,1303,355
1995-01-18,1171,1061,-110
1995-01-19,1423,748,-675
1995-01-20,1472,744,-728
1995-01-23,1399,826,-573
1995-01-24,936,1265,329
1995-01-25,956,1201,245
1995-01-26,1019,1115,96
1995-01-27,956,1283,327
1995-01-30,1402,835,-567
1995-01-31,918,1289,371
1995-02-01,935,1278,343
1995-02-02,901,1295,394
1995-02-03,522,1851,1329
1995-02-06,890,1383,493
1995-02-07,961,1236,275
1995-02-08,1054,1134,80
1995-02-09,1087,1147,60
1995-02-10,931,1230,299
1995-02-13,1090,1144,54
1995-02-14,1110,1073,-37
1995-02-15,765,1475,710
1995-02-16,1334,886,-448
1995-02-17,1240,913,-327
1995-02-21,1179,1074,-105
1995-02-22,944,1241,297
1995-02-23,787,1466,679
1995-02-24,1040,1117,77
1995-02-27,1608,632,-976
1995-02-28,690,1603,913
1995-03-01,1254,1010,-244
1995-03-02,1203,1002,-201
1995-03-03,1165,972,-193
1995-03-06,1453,785,-668
1995-03-07,1676,604,-1072
1995-03-08,1052,1125,73
1995-03-09,1097,1058,-39
1995-03-10,675,1612,937
1995-03-13,1131,1128,-3
1995-03-14,772,1452,680
1995-03-15,1145,1008,-137
1995-03-16,801,1420,619
1995-03-17,1305,881,-424
1995-03-20,1105,1073,-32
1995-03-21,1210,974,-236
1995-03-22,1134,982,-152
1995-03-23,1012,1046,34
1995-03-24,657,1625,968
1995-03-27,826,1361,535
1995-03-28,1089,1103,14
1995-03-29,1069,1084,15
1995-03-30,825,1310,485
1995-03-31,1232,994,-238
1995-04-03,1080,1129,49
1995-04-04,846,1437,591
1995-04-05,984,1193,209
1995-04-06,1006,1144,138
1995-04-07,1141,980,-161
1995-04-10,1057,1109,52
1995-04-11,1123,1066,-57
1995-04-12,995,1182,187
1995-04-13,912,1278,366
1995-04-17,1111,1115,4
1995-04-18,1247,968,-279
1995-04-19,1227,942,-285
1995-04-20,1036,1190,154
1995-04-21,855,1330,475
1995-04-24,863,1366,503
1995-04-25,1070,1160,90
1995-04-26,1075,1160,85
1995-04-27,1096,1134,38
1995-04-28,1039,1170,131
1995-05-01,1185,1060,-125
1995-05-02,1023,1155,132
1995-05-03,776,1526,750
1995-05-04,1111,1165,54
1995-05-05,1074,1249,175
1995-05-08,770,1480,710
1995-05-09,994,1334,340
1995-05-10,1036,1229,193
1995-05-11,1118,1144,26
1995-05-12,991,1230,239
1995-05-15,902,1373,471
1995-05-16,912,1401,489
1995-05-17,1264,966,-298
1995-05-18,1780,552,-1228
1995-05-19,1321,888,-433
1995-05-22,870,1333,463
1995-05-23,819,1452,633
1995-05-24,1040,1213,173
1995-05-25,1180,1055,-125
1995-05-26,1356,849,-507
1995-05-30,1036,1229,193
1995-05-31,708,1585,877
1995-06-01,943,1275,332
1995-06-02,919,1472,553
1995-06-05,734,1566,832
1995-06-06,1108,1143,35
1995-06-07,1347,898,-449
1995-06-08,1163,1043,-120
1995-06-09,1600,638,-962
1995-06-12,948,1268,320
1995-06-13,753,1611,858
1995-06-14,1158,1086,-72
1995-06-15,1008,1205,197
1995-06-16,1090,1094,4
1995-06-19,950,1343,393
1995-06-20,1230,1063,-167
1995-06-21,1064,1175,111
1995-06-22,745,1536,791
1995-06-23,1326,885,-441
1995-06-26,1602,674,-928
1995-06-27,1151,1076,-75
1995-06-28,991,1242,251
1995-06-29,1188,1040,-148
1995-06-30,745,1568,823
1995-07-03,854,1172,318
1995-07-05,1016,1358,342
1995-07-06,678,1683,1005
1995-07-07,759,1641,882
1995-07-10,985,1384,399
1995-07-11,1332,1045,-287
1995-07-12,827,1493,666
1995-07-13,1230,1044,-186
1995-07-14,1321,921,-400
1995-07-17,1086,1210,124
1995-07-18,1558,759,-799
1995-07-19,2142,344,-1798
1995-07-20,868,1484,616
1995-07-21,1040,1191,151
1995-07-24,826,1454,628
1995-07-25,948,1351,403
1995-07-26,1031,1252,221
1995-07-27,840,1490,650
1995-07-28,1148,1106,-42
1995-07-31,1059,1159,100
1995-08-01,1290,969,-321
1995-08-02,956,1314,358
1995-08-03,1270,953,-317
1995-08-04,1027,1166,139
1995-08-07,971,1208,237
1995-08-08,1156,1015,-141
1995-08-09,1166,1036,-130
1995-08-10,1181,1000,-181
1995-08-11,1359,840,-519
1995-08-14,948,1253,305
1995-08-15,1192,1033,-159
1995-08-16,899,1389,490
1995-08-17,1081,1141,60
1995-08-18,996,1207,211
1995-08-21,924,1332,408
1995-08-22,1157,1028,-129
1995-08-23,1320,896,-424
1995-08-24,1112,1089,-23
1995-08-25,863,1291,428
1995-08-28,1104,1145,41
1995-08-29,1205,1033,-172
1995-08-30,977,1254,277
1995-08-31,867,1305,438
1995-09-01,856,1349,493
1995-09-05,800,1508,708
1995-09-06,918,1315,397
1995-09-07,1055,1176,121
1995-09-08,825,1420,595
1995-09-11,1082,1181,99
1995-09-12,913,1426,513
1995-09-13,1087,1192,105
1995-09-14,969,1327,358
1995-09-15,1152,1119,-33
1995-09-18,1412,851,-561
1995-09-19,1108,1123,15
1995-09-20,1048,1219,171
1995-09-21,1435,828,-607
1995-09-22,1499,761,-738
1995-09-25,1336,892,-444
1995-09-26,1161,1089,-72
1995-09-27,1469,842,-627
1995-09-28,806,1467,661
1995-09-29,778,1465,687
1995-10-02,1345,934,-411
1995-10-03,1336,935,-401
1995-10-04,1369,868,-501
1995-10-05,1107,1184,77
1995-10-06,993,1197,204
1995-10-09,1641,623,-1018
1995-10-10,1458,845,-613
1995-10-11,814,1451,637
1995-10-12,808,1468,660
1995-10-13,805,1549,744
1995-10-16,1210,1061,-149
1995-10-17,1114,1119,5
1995-10-18,1089,1174,85
1995-10-19,1193,1102,-91
1995-10-20,1357,946,-411
1995-10-23,1537,772,-765
1995-10-24,1165,1110,-55
1995-10-25,1525,805,-720
1995-10-26,1727,664,-1063
1995-10-27,1091,1152,61
1995-10-30,1005,1294,289
1995-10-31,1214,1153,-61
1995-11-01,957,1338,381
1995-11-02,745,1614,869
1995-11-03,940,1290,350
1995-11-06,1162,1071,-91
1995-11-07,1233,1020,-213
1995-11-08,923,1368,445
1995-11-09,1066,1173,107
1995-11-10,1246,975,-271
1995-11-13,1253,1027,-226
1995-11-14,1356,950,-406
1995-11-15,1060,1194,134
1995-11-16,809,1535,726
1995-11-17,931,1368,437
1995-11-20,1274,1047,-227
1995-11-21,1077,1278,201
1995-11-22,1104,1202,98
1995-11-24,787,1154,367
1995-11-27,1066,1300,234
1995-11-28,1047,1249,202
1995-11-29,950,1349,399
1995-11-30,1029,1371,342
1995-12-01,944,1434,490
1995-12-04,798,1675,877
1995-12-05,979,1410,431
1995-12-06,1098,1277,179
1995-12-07,1562,876,-686
1995-12-08,1152,1132,-20
1995-12-11,1133,1207,74
1995-12-12,1374,989,-385
1995-12-13,979,1452,473
1995-12-14,1304,1070,-234
1995-12-15,1263,1124,-139
1995-12-18,2023,487,-1536
1995-12-19,914,1526,612
1995-12-20,964,1464,500
1995-12-21,951,1417,466
1995-12-22,950,1365,415
1995-12-26,1034,1272,238
1995-12-27,985,1328,343
1995-12-28,1088,1249,161
1995-12-29,844,1557,713
1996-01-02,917,1591,674
1996-01-03,932,1521,589
1996-01-04,1525,927,-598
1996-01-05,1183,1157,-26
1996-01-08,904,1261,357
1996-01-09,1575,861,-714
1996-01-10,1961,524,-1437
1996-01-11,908,1428,520
1996-01-12,1206,1102,-104
1996-01-15,1330,957,-373
1996-01-16,948,1432,484
1996-01-17,1117,1230,113
1996-01-18,991,1392,401
1996-01-19,1059,1338,279
1996-01-22,1109,1218,109
1996-01-23,1201,1138,-63
1996-01-24,900,1483,583
1996-01-25,1267,1042,-225
1996-01-26,1044,1265,221
1996-01-29,970,1325,355
1996-01-30,777,1676,899
1996-01-31,824,1569,745
1996-02-01,1028,1400,372
1996-02-02,1273,1076,-197
1996-02-05,1116,1260,144
1996-02-06,968,1404,436
1996-02-07,1149,1227,78
1996-02-08,960,1343,383
1996-02-09,1122,1219,97
1996-02-12,956,1356,400
1996-02-13,1226,1090,-136
1996-02-14,1156,1173,17
1996-02-15,1226,1110,-116
1996-02-16,1277,1075,-202
1996-02-20,1960,536,-1424
1996-02-21,818,1525,707
1996-02-22,682,1768,1086
1996-02-23,1285,1115,-170
1996-02-26,1605,797,-808
1996-02-27,1340,1014,-326
1996-02-28,1123,1234,111
1996-02-29,1474,900,-574
1996-03-01,905,1435,530
1996-03-04,771,1625,854
1996-03-05,1123,1220,97
1996-03-06,1187,1140,-47
1996-03-07,1161,1139,-22
1996-03-08,2651,177,-2474
1996-03-11,907,1588,681
1996-03-12,1480,932,-548
1996-03-13,884,1536,652
1996-03-14,929,1449,520
1996-03-15,1249,1111,-138
1996-03-18,736,1725,989
1996-03-19,1090,1295,205
1996-03-20,1202,1153,-49
1996-03-21,1134,1237,103
1996-03-22,966,1328,362
1996-03-25,1191,1174,-17
1996-03-26,1116,1235,119
1996-03-27,1278,1049,-229
1996-03-28,1272,1053,-219
1996-03-29,1062,1340,278
1996-04-01,928,1468,540
1996-04-02,1098,1263,165
1996-04-03,1200,1092,-108
1996-04-04,1201,1066,-135
1996-04-08,2369,323,-2046
1996-04-09,983,1412,429
1996-04-10,1599,852,-747
1996-04-11,1529,872,-657
1996-04-12,804,1591,787
1996-04-15,774,1660,886
1996-04-16,1033,1335,302
1996-04-17,1352,1006,-346
1996-04-18,1007,1300,293
1996-04-19,915,1390,475
1996-04-22,923,1473,550
1996-04-23,1055,1334,279
1996-04-24,1205,1168,-37
1996-04-25,1041,1283,242
1996-04-26,959,1387,428
1996-04-29,1260,1097,-163
1996-04-30,1202,1178,-24
1996-05-01,1044,1301,257
1996-05-02,2013,561,-1452
1996-05-03,1179,1094,-85
1996-05-06,1283,1046,-237
1996-05-07,1339,1025,-314
1996-05-08,1148,1207,59
1996-05-09,992,1336,344
1996-05-10,717,1712,995
1996-05-13,721,1689,968
1996-05-14,879,1566,687
1996-05-15,1159,1232,73
1996-05-16,1296,1074,-222
1996-05-17,869,1469,600
1996-05-20,1034,1318,284
1996-05-21,1211,1162,-49
1996-05-22,1037,1309,272
1996-05-23,1349,997,-352
1996-05-24,1084,1186,102
1996-05-28,1575,814,-761
1996-05-29,1535,852,-683
1996-05-30,993,1358,365
1996-05-31,1275,1090,-185
1996-06-03,1323,1007,-316
1996-06-04,909,1448,539
1996-06-05,959,1410,451
1996-06-06,1391,1021,-370
1996-06-07,1816,669,-1147
1996-06-10,1244,1121,-123
1996-06-11,1217,1134,-83
1996-06-12,1202,1116,-86
1996-06-13,1362,962,-400
1996-06-14,1325,1007,-318
1996-06-17,1216,1095,-121
1996-06-18,1254,1108,-146
1996-06-19,1374,969,-405
1996-06-20,1460,876,-584
1996-06-21,996,1328,332
1996-06-24,1019,1348,329
1996-06-25,1311,1099,-212
1996-06-26,1495,940,-555
1996-06-27,1037,1324,287
1996-06-28,743,1826,1083
1996-07-01,1056,1409,353
1996-07-02,1120,1231,111
1996-07-03,1200,1098,-102
1996-07-05,2104,315,-1789
1996-07-08,1732,753,-979
1996-07-09,1036,1376,340
1996-07-10,1406,1040,-366
1996-07-11,2020,531,-1489
1996-07-12,1184,1211,27
1996-07-15,2149,440,-1709
1996-07-16,1884,701,-1183
1996-07-17,736,1783,1047
1996-07-18,651,1872,1221
1996-07-19,1403,989,-414
1996-07-22,1770,649,-1121
1996-07-23,1696,709,-987
1996-07-24,1816,680,-1136
1996-07-25,814,1549,735
1996-07-26,805,1556,751
1996-07-29,1465,905,-560
1996-07-30,1021,1384,363
1996-07-31,889,1565,676
1996-08-01,550,1985,1435
1996-08-02,539,2105,1566
1996-08-05,1219,1170,-49
1996-08-06,1152,1270,118
1996-08-07,981,1415,434
1996-08-08,1138,1141,3
1996-08-09,1048,1262,214
1996-08-12,1061,1270,209
1996-08-13,1506,852,-654
1996-08-14,904,1460,556
1996-08-15,1048,1293,245
1996-08-16,777,1577,800
1996-08-19,1064,1266,202
1996-08-20,1085,1261,176
1996-08-21,1255,1077,-178
1996-08-22,865,1500,635
1996-08-23,1285,1013,-272
1996-08-26,1359,899,-460
1996-08-27,896,1436,540
1996-08-28,1023,1309,286
1996-08-29,1645,760,-885
1996-08-30,1457,829,-628
1996-09-03,1395,1027,-368
1996-09-04,947,1379,432
1996-09-05,1617,776,-841
1996-09-06,705,1652,947
1996-09-09,861,1542,681
1996-09-10,1167,1189,22
1996-09-11,1052,1268,216
1996-09-12,883,1489,606
1996-09-13,735,1729,994
1996-09-16,1002,1416,414
1996-09-17,1462,999,-463
1996-09-18,1365,999,-366
1996-09-19,1266,1114,-152
1996-09-20,909,1429,520
1996-09-23,1456,869,-587
1996-09-24,1081,1238,157
1996-09-25,1078,1312,234
1996-09-26,1012,1411,399
1996-09-27,1033,1293,260
1996-09-30,1069,1356,287
1996-10-01,1106,1318,212
1996-10-02,771,1651,880
1996-10-03,1266,1133,-133
1996-10-04,726,1803,1077
1996-10-07,1230,1145,-85
1996-10-08,1393,1032,-361
1996-10-09,1470,878,-592
1996-10-10,1261,1093,-168
1996-10-11,853,1475,622
1996-10-14,1092,1203,111
1996-10-15,1316,1094,-222
1996-10-16,1233,1167,-66
1996-10-17,962,1428,466
1996-10-18,1053,1340,287
1996-10-21,1340,1102,-238
1996-10-22,1541,915,-626
1996-10-23,1285,1080,-205
1996-10-24,1236,1118,-118
1996-10-25,1178,1188,10
1996-10-28,1534,894,-640
1996-10-29,1178,1307,129
1996-10-30,1179,1201,22
1996-10-31,974,1485,511
1996-11-01,1225,1163,-62
1996-11-04,1075,1337,262
1996-11-05,954,1483,529
1996-11-06,788,1731,943
1996-11-07,1084,1420,336
1996-11-08,1089,1320,231
1996-11-11,1003,1391,388
1996-11-12,1118,1355,237
1996-11-13,1132,1308,176
1996-11-14,990,1496,506
1996-11-15,1206,1278,72
1996-11-18,1219,1174,-45
1996-11-19,1046,1442,396
1996-11-20,1073,1388,315
1996-11-21,1216,1207,-9
1996-11-22,971,1540,569
1996-11-25,906,1657,751
1996-11-26,1378,1154,-224
1996-11-27,1136,1343,207
1996-11-29,934,1305,371
1996-12-02,1235,1279,44
1996-12-03,1220,1296,76
1996-12-04,1458,1079,-379
1996-12-05,1288,1233,-55
1996-12-06,2080,572,-1508
1996-12-09,639,1953,1314
1996-12-10,1155,1410,255
1996-12-11,2154,526,-1628
1996-12-12,1644,911,-733
1996-12-13,1450,1052,-398
1996-12-16,1677,891,-786
1996-12-17,1275,1264,-11
1996-12-18,951,1610,659
1996-12-19,778,1844,1066
1996-12-20,972,1616,644
1996-12-23,1392,1129,-263
1996-12-24,940,1309,369
1996-12-26,854,1616,762
1996-12-27,899,1559,660
1996-12-30,1110,1406,296
1996-12-31,1234,1297,63
1997-01-02,1869,780,-1089
1997-01-03,736,1861,1125
1997-01-06,1139,1434,295
1997-01-07,1047,1499,452
1997-01-08,1289,1252,-37
1997-01-09,957,1632,675
1997-01-10,1235,1273,38
1997-01-13,1196,1392,196
1997-01-14,819,1813,994
1997-01-15,1287,1283,-4
1997-01-16,1185,1354,169
1997-01-17,975,1542,567
1997-01-20,1262,1284,22
1997-01-21,1244,1308,64
1997-01-22,1328,1222,-106
1997-01-23,1441,1139,-302
1997-01-24,1711,836,-875
1997-01-27,1667,865,-802
1997-01-28,1052,1422,370
1997-01-29,1190,1270,80
1997-01-30,931,1561,630
1997-01-31,1111,1411,300
1997-02-03,1142,1395,253
1997-02-04,1297,1177,-120
1997-02-05,1634,964,-670
1997-02-06,1242,1250,8
1997-02-07,944,1643,699
1997-02-10,1345,1169,-176
1997-02-11,1201,1315,114
1997-02-12,778,1800,1022
1997-02-13,844,1732,888
1997-02-14,1219,1345,126
1997-02-18,1059,1535,476
1997-02-19,1285,1293,8
1997-02-20,1694,859,-835
1997-02-21,1168,1324,156
1997-02-24,1065,1511,446
1997-02-25,1150,1430,280
1997-02-26,1809,775,-1034
1997-02-27,1624,917,-707
1997-02-28,1449,1063,-386
1997-03-03,1270,1292,22
1997-03-04,1129,1423,294
1997-03-05,945,1604,659
1997-03-06,1217,1276,59
1997-03-07,890,1651,761
1997-03-10,880,1656,776
1997-03-11,1194,1319,125
1997-03-12,1598,957,-641
1997-03-13,2101,534,-1567
1997-03-14,1074,1452,378
1997-03-17,1651,850,-801
1997-03-18,1673,863,-810
1997-03-19,1529,956,-573
1997-03-20,1559,950,-609
1997-03-21,1182,1258,76
1997-03-24,1346,1223,-123
1997-03-25,1191,1324,133
1997-03-26,1183,1314,131
1997-03-27,2021,632,-1389
1997-03-31,2130,552,-1578
1997-04-01,1362,1173,-189
1997-04-02,1745,849,-896
1997-04-03,1585,923,-662
1997-04-04,1068,1432,364
1997-04-07,801,1740,939
1997-04-08,1129,1363,234
1997-04-09,1244,1277,33
1997-04-10,1347,1117,-230
1997-04-11,2306,394,-1912
1997-04-14,1446,1048,-398
1997-04-15,768,1864,1096
1997-04-16,1033,1423,390
1997-04-17,1210,1285,75
1997-04-18,957,1522,565
1997-04-21,1660,916,-744
1997-04-22,971,1536,565
1997-04-23,1359,1149,-210
1997-04-24,1278,1172,-106
1997-04-25,1683,797,-886
1997-04-28,1115,1377,262
1997-04-29,554,2119,1565
1997-04-30,967,1632,665
1997-05-01,1049,1462,413
1997-05-02,508,2144,1636
1997-05-05,679,1971,1292
1997-05-06,1293,1281,-12
1997-05-07,1683,854,-829
1997-05-08,1109,1440,331
1997-05-09,969,1545,576
1997-05-12,758,1801,1043
1997-05-13,1335,1162,-173
1997-05-14,1013,1490,477
1997-05-15,1188,1302,114
1997-05-16,1472,993,-479
1997-05-19,1074,1406,332
1997-05-20,1047,1425,378
1997-05-21,1136,1455,319
1997-05-22,1197,1295,98
1997-05-23,644,1886,1242
1997-05-27,1305,1242,-63
1997-05-28,1191,1324,133
1997-05-29,1066,1460,394
1997-05-30,933,1602,669
1997-06-02,1002,1543,541
1997-06-03,1031,1495,464
1997-06-04,1365,1178,-187
1997-06-05,989,1511,522
1997-06-06,736,1766,1030
1997-06-09,1113,1457,344
1997-06-10,1174,1413,239
1997-06-11,1058,1519,461
1997-06-12,740,1927,1187
1997-06-13,832,1763,931
1997-06-16,1291,1253,-38
1997-06-17,1273,1272,-1
1997-06-18,1316,1221,-95
1997-06-19,831,1743,912
1997-06-20,1486,1149,-337
1997-06-23,1808,831,-977
1997-06-24,978,1780,802
1997-06-25,1539,1283,-256
1997-06-26,1460,1339,-121
1997-06-27,972,1822,850
1997-06-30,1306,1531,225
1997-07-01,1150,1704,554
1997-07-02,959,1861,902
1997-07-03,777,1972,1195
1997-07-07,1415,1473,58
1997-07-08,1146,1699,553
1997-07-09,1725,1145,-580
1997-07-10,1056,1788,732
1997-07-11,1113,1743,630
1997-07-14,1370,1483,113
1997-07-15,1348,1527,179
1997-07-16,931,1993,1062
1997-07-17,1588,1305,-283
1997-07-18,2028,866,-1162
1997-07-21,1935,955,-980
1997-07-22,842,2094,1252
1997-07-23,1167,1733,566
1997-07-24,1461,1397,-64
1997-07-25,1394,1399,5
1997-07-28,1424,1445,21
1997-07-29,1143,1705,562
1997-07-30,835,2083,1248
1997-07-31,1157,1747,590
1997-08-01,1842,1063,-779
1997-08-04,1379,1496,117
1997-08-05,1244,1619,375
1997-08-06,994,1871,877
1997-08-07,1586,1242,-344
1997-08-08,2481,544,-1937
1997-08-11,1480,1377,-103
1997-08-12,1606,1266,-340
1997-08-13,1476,1373,-103
1997-08-14,1269,1558,289
1997-08-15,2150,731,-1419
1997-08-18,1474,1419,-55
1997-08-19,818,2048,1230
1997-08-20,903,1956,1053
1997-08-21,1937,909,-1028
1997-08-22,1898,997,-901
1997-08-25,1239,1607,368
1997-08-26,1512,1314,-198
1997-08-27,1193,1644,451
1997-08-28,1499,1352,-147
1997-08-29,1485,1332,-153
1997-09-02,751,2177,1426
1997-09-03,1152,1751,599
1997-09-04,1321,1507,186
1997-09-05,1168,1652,484
1997-09-08,1083,1791,708
1997-09-09,1243,1612,369
1997-09-10,1786,1056,-730
1997-09-11,1773,1100,-673
1997-09-12,788,2093,1305
1997-09-15,1292,1545,253
1997-09-16,753,2225,1472
1997-09-17,1390,1460,70
1997-09-18,1173,1717,544
1997-09-19,1460,1387,-73
1997-09-22,1197,1710,513
1997-09-23,1553,1308,-245
1997-09-24,1458,1447,-11
1997-09-25,1501,1379,-122
1997-09-26,1086,1774,688
1997-09-29,1220,1654,434
1997-09-30,1273,1644,371
1997-10-01,1012,1927,915
1997-10-02,1193,1655,462
1997-10-03,1095,1837,742
1997-10-06,1112,1824,712
1997-10-07,1282,1633,351
1997-10-08,1939,1006,-933
1997-10-09,1737,1190,-547
1997-10-10,1547,1318,-229
1997-10-13,1329,1536,207
1997-10-14,1423,1455,32
1997-10-15,1669,1205,-464
1997-10-16,1825,1072,-753
1997-10-17,2331,615,-1716
1997-10-20,1015,1905,890
1997-10-21,921,1944,1023
1997-10-22,1655,1227,-428
1997-10-23,2419,586,-1833
1997-10-24,1502,1339,-163
1997-10-27,2987,182,-2805
1997-10-28,1342,1835,493
1997-10-29,1088,1991,903
1997-10-30,2175,804,-1371
1997-10-31,896,2093,1197
1997-11-03,652,2369,1717
1997-11-04,1385,1537,152
1997-11-05,1206,1697,491
1997-11-06,1679,1236,-443
1997-11-07,2409,554,-1855
1997-11-10,1431,1459,28
1997-11-11,1486,1336,-150
1997-11-12,2380,664,-1716
1997-11-13,1510,1446,-64
1997-11-14,980,1937,957
1997-11-17,702,2276,1574
1997-11-18,1764,1188,-576
1997-11-19,1417,1532,115
1997-11-20,923,2058,1135
1997-11-21,1305,1590,285
1997-11-24,2185,766,-1419
1997-11-25,1375,1551,176
1997-11-26,1203,1676,473
1997-11-28,1024,1694,670
1997-12-01,993,2027,1034
1997-12-02,1332,1628,296
1997-12-03,1274,1669,395
1997-12-04,1362,1581,219
1997-12-05,1190,1732,542
1997-12-08,1366,1613,247
1997-12-09,1777,1145,-632
1997-12-10,1985,1017,-968
1997-12-11,2247,750,-1497
1997-12-12,1444,1483,39
1997-12-15,1375,1604,229
1997-12-16,1245,1737,492
1997-12-17,1310,1659,349
1997-12-18,1917,1066,-851
1997-12-19,1996,1002,-994
1997-12-22,1313,1685,372
1997-12-23,1571,1380,-191
1997-12-24,1439,1261,-178
1997-12-26,1220,1470,250
1997-12-29,864,2142,1278
1997-12-30,798,2211,1413
1997-12-31,1109,1847,738
1998-01-02,1442,1568,126
1998-01-05,1417,1659,242
1998-01-06,1997,1039,-958
1998-01-07,1800,1213,-587
1998-01-08,1892,1120,-772
1998-01-09,2541,554,-1987
1998-01-12,1710,1343,-367
1998-01-13,864,2136,1272
1998-01-14,1080,1877,797
1998-01-15,1608,1350,-258
1998-01-16,854,2133,1279
1998-01-20,1030,2009,979
1998-01-21,1787,1130,-657
1998-01-22,1837,1119,-718
1998-01-23,1876,1107,-769
1998-01-26,1559,1327,-232
1998-01-27,1201,1752,551
1998-01-28,1048,1919,871
1998-01-29,1100,1871,771
1998-01-30,1490,1465,-25
1998-02-02,971,2074,1103
1998-02-03,1178,1740,562
1998-02-04,1300,1615,315
1998-02-05,1253,1641,388
1998-02-06,1144,1754,610
1998-02-09,1466,1448,-18
1998-02-10,1019,1847,828
1998-02-11,1361,1535,174
1998-02-12,1432,1448,16
1998-02-13,1519,1382,-137
1998-02-17,1405,1576,171
1998-02-18,1199,1698,499
1998-02-19,1605,1305,-300
1998-02-20,1366,1554,188
1998-02-23,1426,1556,130
1998-02-24,1750,1170,-580
1998-02-25,944,2000,1056
1998-02-26,1122,1742,620
1998-02-27,1354,1561,207
1998-03-02,1265,1680,415
1998-03-03,1381,1568,187
1998-03-04,1738,1231,-507
1998-03-05,2143,843,-1300
1998-03-06,775,2219,1444
1998-03-09,1577,1377,-200
1998-03-10,1041,1932,891
1998-03-11,1233,1772,539
1998-03-12,1414,1530,116
1998-03-13,1404,1516,112
1998-03-16,1176,1808,632
1998-03-17,1508,1473,-35
1998-03-18,1388,1569,181
1998-03-19,1253,1660,407
1998-03-20,1261,1687,426
1998-03-23,1632,1398,-234
1998-03-24,1212,1755,543
1998-03-25,1537,1394,-143
1998-03-26,1503,1488,-15
1998-03-27,1601,1318,-283
1998-03-30,1746,1241,-505
1998-03-31,1061,1962,901
1998-04-01,1259,1761,502
1998-04-02,1218,1783,565
1998-04-03,1458,1553,95
1998-04-06,1727,1318,-409
1998-04-07,2110,899,-1211
1998-04-08,1708,1296,-412
1998-04-09,1091,1860,769
1998-04-13,1718,1293,-425
1998-04-14,1103,1899,796
1998-04-15,1411,1570,159
1998-04-16,1996,1003,-993
1998-04-17,1169,1753,584
1998-04-20,1577,1377,-200
1998-04-21,1384,1584,200
1998-04-22,1541,1397,-144
1998-04-23,2150,846,-1304
1998-04-24,2071,893,-1178
1998-04-27,2866,335,-2531
1998-04-28,1167,1832,665
1998-04-29,1031,1932,901
1998-04-30,744,2358,1614
1998-05-01,1136,1836,700
1998-05-04,1454,1567,113
1998-05-05,1809,1140,-669
1998-05-06,1836,1139,-697
1998-05-07,1932,1027,-905
1998-05-08,1129,1813,684
1998-05-11,1666,1292,-374
1998-05-12,1580,1403,-177
1998-05-13,1548,1436,-112
1998-05-14,1710,1248,-462
1998-05-15,1751,1152,-599
1998-05-18,2068,950,-1118
1998-05-19,1290,1709,419
1998-05-20,1466,1490,24
1998-05-21,1584,1349,-235
1998-05-22,1820,1080,-740
1998-05-26,2235,870,-1365
1998-05-27,2196,875,-1321
1998-05-28,1066,1943,877
1998-05-29,1242,1716,474
1998-06-01,1841,1209,-632
1998-06-02,1509,1468,-41
1998-06-03,1588,1417,-171
1998-06-04,1257,1644,387
1998-06-05,1016,1904,888
1998-06-08,1320,1692,372
1998-06-09,1667,1303,-364
1998-06-10,2039,995,-1044
1998-06-11,2251,829,-1422
1998-06-12,1907,1121,-786
1998-06-15,2384,744,-1640
1998-06-16,1158,1880,722
1998-06-17,901,2185,1284
1998-06-18,1891,1087,-804
1998-06-19,1785,1179,-606
1998-06-22,1439,1544,105
1998-06-23,1200,1834,634
1998-06-24,1270,1740,470
1998-06-25,1595,1412,-183
1998-06-26,1354,1615,261
1998-06-29,1180,1847,667
1998-06-30,1318,1745,427
1998-07-01,965,2105,1140
1998-07-02,1428,1551,123
1998-07-06,1289,1737,448
1998-07-07,1484,1579,95
1998-07-08,1240,1759,519
1998-07-09,1716,1217,-499
1998-07-10,1599,1326,-273
1998-07-13,1670,1307,-363
1998-07-14,1190,1773,583
1998-07-15,1543,1433,-110
1998-07-16,1214,1739,525
1998-07-17,1550,1383,-167
1998-07-20,1731,1248,-483
1998-07-21,2090,920,-1170
1998-07-22,1912,1056,-856
1998-07-23,2377,647,-1730
1998-07-24,1827,1137,-690
1998-07-27,2076,946,-1130
1998-07-28,2182,845,-1337
1998-07-29,1639,1349,-290
1998-07-30,1022,1919,897
1998-07-31,2236,789,-1447
1998-08-03,2110,957,-1153
1998-08-04,2626,514,-2112
1998-08-05,1841,1270,-571
1998-08-06,1280,1699,419
1998-08-07,990,2008,1018
1998-08-10,2012,1002,-1010
1998-08-11,2613,570,-2043
1998-08-12,874,2200,1326
1998-08-13,1897,1122,-775
1998-08-14,1669,1326,-343
1998-08-17,1425,1591,166
1998-08-18,943,2104,1161
1998-08-19,1778,1257,-521
1998-08-20,1906,1103,-803
1998-08-21,2325,812,-1513
1998-08-24,1650,1420,-230
1998-08-25,1674,1374,-300
1998-08-26,2391,767,-1624
1998-08-27,2875,378,-2497
1998-08-28,2213,918,-1295
1998-08-31,2886,414,-2472
1998-09-01,1221,2017,796
1998-09-02,1273,1897,624
1998-09-03,2113,1022,-1091
1998-09-04,1524,1493,-31
1998-09-08,636,2536,1900
1998-09-09,2172,943,-1229
1998-09-10,2363,801,-1562
1998-09-11,1000,2064,1064
1998-09-14,1005,2130,1125
1998-09-15,1312,1753,441
1998-09-16,1213,1851,638
1998-09-17,2240,839,-1401
1998-09-18,1107,1928,821
1998-09-21,1770,1290,-480
1998-09-22,1152,1932,780
1998-09-23,800,2377,1577
1998-09-24,2042,1093,-949
1998-09-25,1621,1456,-165
1998-09-28,1285,1784,499
1998-09-29,1536,1526,-10
1998-09-30,1936,1203,-733
1998-10-01,2424,809,-1615
1998-10-02,1319,1755,436
1998-10-05,2410,790,-1620
1998-10-06,1702,1343,-359
1998-10-07,2136,1012,-1124
1998-10-08,2651,615,-2036
1998-10-09,1266,1911,645
1998-10-12,993,2134,1141
1998-10-13,1784,1315,-469
1998-10-14,1188,1864,676
1998-10-15,682,2467,1785
1998-10-16,1035,2112,1077
1998-10-19,1123,2015,892
1998-10-20,1016,2143,1127
1998-10-21,1498,1595,97
1998-10-22,1228,1852,624
1998-10-23,1709,1292,-417
1998-10-26,1331,1788,457
1998-10-27,1599,1461,-138
1998-10-28,1535,1456,-79
1998-10-29,1173,1886,713
1998-10-30,880,2215,1335
1998-11-02,830,2313,1483
1998-11-03,1450,1617,167
1998-11-04,1027,2062,1035
1998-11-05,1241,1839,598
1998-11-06,1355,1734,379
1998-11-09,1934,1107,-827
1998-11-10,1815,1270,-545
1998-11-11,1797,1215,-582
1998-11-12,1681,1350,-331
1998-11-13,1516,1494,-22
1998-11-16,1389,1649,260
1998-11-17,1502,1487,-15
1998-11-18,1545,1514,-31
1998-11-19,1267,1714,447
1998-11-20,1250,1760,510
1998-11-23,1241,1864,623
1998-11-24,1649,1451,-198
1998-11-25,1432,1582,150
1998-11-27,1206,1493,287
1998-11-30,2049,1108,-941
1998-12-01,1596,1494,-102
1998-12-02,1737,1348,-389
1998-12-03,1925,1168,-757
1998-12-04,1043,1969,926
1998-12-07,1330,1724,394
1998-12-08,1795,1281,-514
1998-12-09,1550,1444,-106
1998-12-10,2118,943,-1175
1998-12-11,1832,1216,-616
1998-12-14,2282,830,-1452
1998-12-15,1488,1611,123
1998-12-16,1583,1522,-61
1998-12-17,1289,1742,453
1998-12-18,1455,1617,162
1998-12-21,1366,1745,379
1998-12-22,1755,1289,-466
1998-12-23,1096,1927,831
1998-12-24,1318,1475,157
1998-12-28,1666,1418,-248
1998-12-29,1255,1784,529
1998-12-30,1407,1620,213
1998-12-31,801,2319,1518
1999-01-04,1446,1742,296
1999-01-05,1354,1738,384
1999-01-06,1120,2009,889
1999-01-07,1954,1142,-812
1999-01-08,1518,1529,11
1999-01-11,1970,1118,-852
1999-01-12,2186,908,-1278
1999-01-13,2119,1026,-1093
1999-01-14,2161,903,-1258
1999-01-15,879,2183,1304
1999-01-19,1520,1553,33
1999-01-20,1587,1478,-109
1999-01-21,1953,1129,-824
1999-01-22,1811,1241,-570
1999-01-25,1553,1461,-92
1999-01-26,1464,1587,123
1999-01-27,1955,1074,-881
1999-01-28,1454,1561,107
1999-01-29,1332,1705,373
1999-02-01,1665,1386,-279
1999-02-02,1921,1125,-796
1999-02-03,1391,1645,254
1999-02-04,1943,1104,-839
1999-02-05,1795,1182,-613
1999-02-08,1595,1403,-192
1999-02-09,2027,1014,-1013
1999-02-10,1855,1177,-678
1999-02-11,1202,1787,585
1999-02-12,2228,830,-1398
1999-02-16,1550,1541,-9
1999-02-17,1938,1102,-836
1999-02-18,1255,1766,511
1999-02-19,1523,1424,-99
1999-02-22,1063,1962,899
1999-02-23,1724,1273,-451
1999-02-24,1795,1236,-559
1999-02-25,1966,1062,-904
1999-02-26,1511,1467,-44
1999-03-01,1600,1413,-187
1999-03-02,1555,1433,-122
1999-03-03,1654,1322,-332
1999-03-04,1198,1725,527
1999-03-05,927,2079,1152
1999-03-08,1631,1372,-259
1999-03-09,1674,1367,-307
1999-03-10,1349,1673,324
1999-03-11,1256,1748,492
1999-03-12,1561,1407,-154
1999-03-15,1431,1547,116
1999-03-16,1682,1318,-364
1999-03-17,1618,1371,-247
1999-03-18,1386,1572,186
1999-03-19,1829,1185,-644
1999-03-22,1743,1240,-503
1999-03-23,2357,678,-1679
1999-03-24,1440,1526,86
1999-03-25,1059,1908,849
1999-03-26,1629,1370,-259
1999-03-29,1143,1841,698
1999-03-30,1716,1284,-432
1999-03-31,1663,1433,-230
1999-04-01,1474,1538,64
1999-04-05,1318,1695,377
1999-04-06,1797,1192,-605
1999-04-07,1601,1390,-211
1999-04-08,1268,1728,460
1999-04-09,1287,1731,444
1999-04-12,1307,1676,369
1999-04-13,1480,1562,82
1999-04-14,1285,1766,481
1999-04-15,1295,1781,486
1999-04-16,1022,2060,1038
1999-04-19,1201,1944,743
1999-04-20,1670,1412,-258
1999-04-21,1114,1954,840
1999-04-22,1307,1705,398
1999-04-23,1407,1552,145
1999-04-26,1615,1403,-212
1999-04-27,1264,1781,517
1999-04-28,1279,1753,474
1999-04-29,1322,1664,342
1999-04-30,1673,1356,-317
1999-05-03,1015,2027,1012
1999-05-04,1597,1392,-205
1999-05-05,1444,1565,121
1999-05-06,1490,1503,13
1999-05-07,1331,1657,326
1999-05-10,1271,1758,487
1999-05-11,1323,1718,395
1999-05-12,1645,1391,-254
1999-05-13,1201,1842,641
1999-05-14,2409,680,-1729
1999-05-17,1990,1071,-919
1999-05-18,1610,1370,-240
1999-05-19,1270,1762,492
1999-05-20,1218,1757,539
1999-05-21,1358,1620,262
1999-05-24,2049,956,-1093
1999-05-25,1937,1096,-841
1999-05-26,1499,1469,-30
1999-05-27,1929,1044,-885
1999-05-28,975,1964,989
1999-06-01,1578,1416,-162
1999-06-02,1631,1360,-271
1999-06-03,1325,1624,299
1999-06-04,1111,1846,735
1999-06-07,1256,1748,492
1999-06-08,1821,1169,-652
1999-06-09,1555,1392,-163
1999-06-10,1944,1027,-917
1999-06-11,1706,1312,-394
1999-06-14,1702,1320,-382
1999-06-15,1363,1657,294
1999-06-16,1054,2000,946
1999-06-17,1196,1851,655
1999-06-18,1409,1569,160
1999-06-21,1417,1596,179
1999-06-22,1681,1299,-382
1999-06-23,1760,1259,-501
1999-06-24,1984,949,-1035
1999-06-25,1448,1499,51
1999-06-28,1155,1854,699
1999-06-29,1105,1863,758
1999-06-30,1145,1922,777
1999-07-01,1383,1694,311
1999-07-02,1219,1691,472
1999-07-06,1610,1462,-148
1999-07-07,1691,1307,-384
1999-07-08,1684,1315,-369
1999-07-09,1142,1803,661
1999-07-12,1626,1391,-235
1999-07-13,1724,1290,-434
1999-07-14,1402,1535,133
1999-07-15,1092,1835,743
1999-07-16,1481,1474,-7
1999-07-19,1736,1208,-528
1999-07-20,2056,897,-1159
1999-07-21,1409,1525,116
1999-07-22,1811,1106,-705
1999-07-23,1949,1001,-948
1999-07-26,2043,979,-1064
1999-07-27,1362,1632,270
1999-07-28,1602,1374,-228
1999-07-29,2242,809,-1433
1999-07-30,1456,1533,77
1999-08-02,1763,1225,-538
1999-08-03,1866,1128,-738
1999-08-04,2007,1006,-1001
1999-08-05,1806,1208,-598
1999-08-06,1978,987,-991
1999-08-09,1810,1203,-607
1999-08-10,2301,797,-1504
1999-08-11,1147,1881,734
1999-08-12,1537,1514,-23
1999-08-13,1079,1948,869
1999-08-16,1557,1424,-133
1999-08-17,1150,1845,695
1999-08-18,1799,1195,-604
1999-08-19,1643,1382,-261
1999-08-20,1227,1737,510
1999-08-23,1271,1724,453
1999-08-24,1707,1298,-409
1999-08-25,1429,1607,178
1999-08-26,1790,1191,-599
1999-08-27,1778,1140,-638
1999-08-30,2144,864,-1280
1999-08-31,1666,1327,-339
1999-09-01,1288,1715,427
1999-09-02,2078,874,-1204
1999-09-03,710,2292,1582
1999-09-07,1665,1354,-311
1999-09-08,1781,1193,-588
1999-09-09,1477,1485,8
1999-09-10,1329,1608,279
1999-09-13,1754,1221,-533
1999-09-14,2157,871,-1286
1999-09-15,1772,1201,-571
1999-09-16,2063,916,-1147
1999-09-17,1272,1685,413
1999-09-20,1757,1197,-560
1999-09-21,2363,696,-1667
1999-09-22,1711,1248,-463
1999-09-23,2185,902,-1283
1999-09-24,1828,1176,-652
1999-09-27,1265,1775,510
1999-09-28,1899,1130,-769
1999-09-29,1465,1610,145
1999-09-30,1183,1921,738
1999-10-01,1796,1256,-540
1999-10-04,1262,1768,506
1999-10-05,1793,1246,-547
1999-10-06,1268,1754,486
1999-10-07,1715,1244,-471
1999-10-08,1547,1443,-104
1999-10-11,1562,1391,-171
1999-10-12,2169,869,-1300
1999-10-13,2149,932,-1217
1999-10-14,1841,1157,-684
1999-10-15,2402,684,-1718
1999-10-18,1961,1119,-842
1999-10-19,1414,1642,228
1999-10-20,1390,1634,244
1999-10-21,1888,1162,-726
1999-10-22,1075,1948,873
1999-10-25,1849,1203,-646
1999-10-26,1878,1187,-691
1999-10-27,1311,1739,428
1999-10-28,910,2193,1283
1999-10-29,974,2178,1204
1999-11-01,1525,1540,15
1999-11-02,1353,1660,307
1999-11-03,1392,1678,286
1999-11-04,1463,1579,116
1999-11-05,1304,1754,450
1999-11-08,1701,1356,-345
1999-11-09,1717,1311,-406
1999-11-10,1625,1404,-221
1999-11-11,1720,1265,-455
1999-11-12,1320,1664,344
1999-11-15,1502,1545,43
1999-11-16,1253,1790,537
1999-11-17,1872,1183,-689
1999-11-18,1541,1498,-43
1999-11-19,1896,1137,-759
1999-11-22,2189,903,-1286
1999-11-23,2203,886,-1317
1999-11-24,1630,1384,-246
1999-11-29,2181,912,-1269
1999-11-30,1576,1519,-57
1999-12-01,1719,1343,-376
1999-12-02,1502,1530,28
1999-12-03,1252,1823,571
1999-12-06,1959,1106,-853
1999-12-07,2006,1038,-968
1999-12-08,1955,1116,-839
1999-12-09,1857,1224,-633
1999-12-10,1482,1554,72
1999-12-13,1847,1230,-617
1999-12-14,2073,1029,-1044
1999-12-15,1702,1380,-322
1999-12-16,1631,1451,-180
1999-12-17,1363,1737,374
1999-12-20,1815,1289,-526
1999-12-21,1534,1536,2
1999-12-22,1710,1408,-302
1999-12-23,1141,1907,766
1999-12-27,1781,1324,-457
1999-12-28,1522,1557,35
1999-12-29,1141,1948,807
1999-12-30,1359,1767,408
1999-12-31,1023,1989,966
2000-01-03,2140,1079,-1061
2000-01-04,2236,909,-1327
2000-01-05,1320,1785,465
2000-01-06,1171,1941,770
2000-01-07,886,2225,1339
2000-01-10,1367,1757,390
2000-01-11,2109,994,-1115
2000-01-12,1732,1328,-404
2000-01-13,1171,1869,698
2000-01-14,1370,1630,260
2000-01-18,1787,1289,-498
2000-01-19,1560,1449,-111
2000-01-20,1875,1178,-697
2000-01-21,1756,1284,-472
2000-01-24,2019,1033,-986
2000-01-25,1800,1217,-583
2000-01-26,1356,1698,342
2000-01-27,1583,1456,-127
2000-01-28,2060,944,-1116
2000-01-31,1613,1452,-161
2000-02-01,1341,1634,293
2000-02-02,1353,1657,304
2000-02-03,1077,2018,941
2000-02-04,1572,1412,-160
2000-02-07,1801,1207,-594
2000-02-08,1466,1547,81
2000-02-09,1995,1002,-993
2000-02-10,1822,1200,-622
2000-02-11,1960,1067,-893
2000-02-14,1595,1402,-193
2000-02-15,1504,1512,8
2000-02-16,1737,1273,-464
2000-02-17,1611,1398,-213
2000-02-18,2288,716,-1572
2000-02-22,1675,1347,-328
2000-02-23,1751,1237,-514
2000-02-24,2001,1017,-984
2000-02-25,1815,1143,-672
2000-02-28,1508,1451,-57
2000-02-29,1179,1794,615
2000-03-01,1495,1543,48
2000-03-02,1679,1253,-426
2000-03-03,1286,1688,402
2000-03-06,1949,1098,-851
2000-03-07,2061,974,-1087
2000-03-08,1570,1383,-187
2000-03-09,1309,1635,326
2000-03-10,1719,1221,-498
2000-03-13,1866,1151,-715
2000-03-14,1682,1289,-393
2000-03-15,1127,1916,789
2000-03-16,676,2392,1716
2000-03-17,1606,1393,-213
2000-03-20,1587,1383,-204
2000-03-21,1213,1731,518
2000-03-22,1349,1597,248
2000-03-23,1157,1833,676
2000-03-24,1514,1400,-114
2000-03-27,1682,1270,-412
2000-03-28,1655,1351,-304
2000-03-29,1355,1606,251
2000-03-30,1445,1555,110
2000-03-31,999,2027,1028
2000-04-03,1529,1537,8
2000-04-04,2072,1007,-1065
2000-04-05,1340,1636,296
2000-04-06,1173,1816,643
2000-04-07,1438,1451,13
2000-04-10,1569,1415,-154
2000-04-11,1453,1485,32
2000-04-12,1428,1527,99
2000-04-13,1698,1257,-441
2000-04-14,2665,401,-2264
2000-04-17,1742,1254,-488
2000-04-18,1048,1926,878
2000-04-19,1486,1435,-51
2000-04-20,1235,1638,403
2000-04-24,1658,1285,-373
2000-04-25,863,2137,1274
2000-04-26,1557,1396,-161
2000-04-27,1653,1258,-395
2000-04-28,1243,1658,415
2000-05-01,1086,1900,814
2000-05-02,1718,1250,-468
2000-05-03,2149,815,-1334
2000-05-04,1359,1535,176
2000-05-05,1297,1608,311
2000-05-08,1732,1219,-513
2000-05-09,1610,1264,-346
2000-05-10,2113,864,-1249
2000-05-11,966,1921,955
2000-05-12,1334,1574,240
2000-05-15,1169,1724,555
2000-05-16,1293,1638,345
2000-05-17,1878,1007,-871
2000-05-18,1593,1271,-322
2000-05-19,1934,936,-998
2000-05-22,1770,1139,-631
2000-05-23,1529,1362,-167
2000-05-24,1493,1397,-96
2000-05-25,1600,1293,-307
2000-05-26,1362,1479,117
2000-05-30,927,1997,1070
2000-05-31,1291,1682,391
2000-06-01,925,2036,1111
2000-06-02,858,2184,1326
2000-06-05,1622,1308,-314
2000-06-06,1409,1507,98
2000-06-07,1357,1532,175
2000-06-08,1594,1308,-286
2000-06-09,1171,1672,501
2000-06-12,1515,1381,-134
2000-06-13,1231,1700,469
2000-06-14,1290,1643,353
2000-06-15,1493,1385,-108
2000-06-16,1586,1298,-288
2000-06-19,1455,1413,-42
2000-06-20,1625,1266,-359
2000-06-21,1612,1235,-377
2000-06-22,1838,1008,-830
2000-06-23,1609,1191,-418
2000-06-26,1335,1484,149
2000-06-27,1285,1647,362
2000-06-28,1121,1779,658
2000-06-29,1475,1456,-19
2000-06-30,1501,1511,10
2000-07-03,819,1961,1142
2000-07-05,1447,1485,38
2000-07-06,1279,1610,331
2000-07-07,1069,1836,767
2000-07-10,1255,1576,321
2000-07-11,1326,1592,266
2000-07-12,1172,1683,511
2000-07-13,1447,1429,-18
2000-07-14,1286,1555,269
2000-07-17,1553,1277,-276
2000-07-18,1671,1152,-519
2000-07-19,1648,1153,-495
2000-07-20,1178,1633,455
2000-07-21,1758,1081,-677
2000-07-24,1764,1080,-684
2000-07-25,1408,1419,11
2000-07-26,1503,1321,-182
2000-07-27,1446,1395,-51
2000-07-28,1875,903,-972
2000-07-31,1195,1659,464
2000-08-01,1215,1643,428
2000-08-02,1311,1557,246
2000-08-03,1535,1300,-235
2000-08-04,1128,1664,536
2000-08-07,1112,1711,599
2000-08-08,1269,1583,314
2000-08-09,1407,1425,18
2000-08-10,1459,1372,-87
2000-08-11,855,1997,1142
2000-08-14,1104,1756,652
2000-08-15,1667,1181,-486
2000-08-16,1302,1515,213
2000-08-17,1264,1552,288
2000-08-18,1616,1185,-431
2000-08-21,1529,1273,-256
2000-08-22,1360,1424,64
2000-08-23,1499,1285,-214
2000-08-24,1412,1398,-14
2000-08-25,1327,1407,80
2000-08-28,1419,1384,-35
2000-08-29,1500,1308,-192
2000-08-30,1459,1355,-104
2000-08-31,1130,1735,605
2000-09-01,1181,1572,391
2000-09-05,1505,1358,-147
2000-09-06,1227,1589,362
2000-09-07,1325,1491,166
2000-09-08,1523,1307,-216
2000-09-11,1309,1494,185
2000-09-12,1412,1370,-42
2000-09-13,1466,1376,-90
2000-09-14,1401,1394,-7
2000-09-15,1772,1054,-718
2000-09-18,2203,681,-1522
2000-09-19,1501,1372,-129
2000-09-20,1648,1147,-501
2000-09-21,1759,1042,-717
2000-09-22,1503,1347,-156
2000-09-25,1580,1267,-313
2000-09-26,1599,1250,-349
2000-09-27,1330,1502,172
2000-09-28,936,1882,946
2000-09-29,1411,1432,21
2000-10-02,1646,1265,-381
2000-10-03,1554,1330,-224
2000-10-04,1559,1259,-300
2000-10-05,1549,1259,-290
2000-10-06,2009,816,-1193
2000-10-09,1562,1194,-368
2000-10-10,1692,1128,-564
2000-10-11,1999,883,-1116
2000-10-12,2142,758,-1384
2000-10-13,1255,1613,358
2000-10-16,1492,1379,-113
2000-10-17,2120,810,-1310
2000-10-18,1929,958,-971
2000-10-19,920,1943,1023
2000-10-20,1249,1568,319
2000-10-23,1574,1280,-294
2000-10-24,1280,1555,275
2000-10-25,1892,968,-924
2000-10-26,1396,1454,58
2000-10-27,1071,1761,690
2000-10-30,1014,1850,836
2000-10-31,889,2029,1140
2000-11-01,1466,1399,-67
2000-11-02,1111,1757,646
2000-11-03,1455,1326,-129
2000-11-06,1383,1419,36
2000-11-07,1351,1449,98
2000-11-08,1479,1297,-182
2000-11-09,1733,1080,-653
2000-11-10,1927,884,-1043
2000-11-13,1670,1186,-484
2000-11-14,972,1838,866
2000-11-15,1188,1657,469
2000-11-16,1650,1213,-437
2000-11-17,1331,1493,162
2000-11-20,1849,977,-872
2000-11-21,1465,1382,-83
2000-11-22,1829,941,-888
2000-11-24,791,1800,1009
2000-11-27,1289,1552,263
2000-11-28,1688,1142,-546
2000-11-29,1396,1465,69
2000-11-30,1884,999,-885
2000-12-01,983,1894,911
2000-12-04,1440,1421,-19
2000-12-05,841,2076,1235
2000-12-06,1670,1219,-451
2000-12-07,1384,1438,54
2000-12-08,816,2076,1260
2000-12-11,1180,1669,489
2000-12-12,1592,1273,-319
2000-12-13,1494,1379,-115
2000-12-14,1695,1183,-512
2000-12-15,1600,1305,-295
2000-12-18,1084,1880,796
2000-12-19,1434,1465,31
2000-12-20,1933,1010,-923
2000-12-21,1230,1679,449
2000-12-22,891,2035,1144
2000-12-26,1161,1754,593
2000-12-27,854,2117,1263
2000-12-28,832,2096,1264
2000-12-29,1494,1461,-33
2001-01-02,1718,1339,-379
2001-01-03,780,2296,1516
2001-01-04,1362,1597,235
2001-01-05,1691,1250,-441
2001-01-08,1331,1609,278
2001-01-09,1285,1622,337
2001-01-10,1057,1863,806
2001-01-11,1255,1635,380
2001-01-12,1398,1452,54
2001-01-16,1198,1739,541
2001-01-17,1331,1588,257
2001-01-18,1284,1624,340
2001-01-19,1585,1248,-337
2001-01-22,1238,1608,370
2001-01-23,881,1972,1091
2001-01-24,1411,1436,25
2001-01-25,1232,1589,357
2001-01-26,1432,1398,-34
2001-01-29,1170,1968,798
2001-01-30,1241,1860,619
2001-01-31,1373,1767,394
2001-02-01,1368,1721,353
2001-02-02,1701,1370,-331
2001-02-05,1448,1625,177
2001-02-06,1401,1662,261
2001-02-07,1457,1616,159
2001-02-08,1639,1426,-213
2001-02-09,1660,1388,-272
2001-02-12,1135,1942,807
2001-02-13,1468,1598,130
2001-02-14,1711,1378,-333
2001-02-15,1396,1669,273
2001-02-16,1911,1136,-775
2001-02-20,1762,1314,-448
2001-02-21,2023,1074,-949
2001-02-22,1895,1138,-757
2001-02-23,1734,1317,-417
2001-02-26,859,2196,1337
2001-02-27,1589,1452,-137
2001-02-28,1667,1388,-279
2001-03-01,1563,1468,-95
2001-03-02,1118,1918,800
2001-03-05,1402,1651,249
2001-03-06,1193,1854,661
2001-03-07,1163,1924,761
2001-03-08,1386,1679,293
2001-03-09,1983,1080,-903
2001-03-12,2423,685,-1738
2001-03-13,1716,1362,-354
2001-03-14,2316,766,-1550
2001-03-15,1416,1620,204
2001-03-16,2049,996,-1053
2001-03-19,1102,1957,855
2001-03-20,1764,1303,-461
2001-03-21,2209,860,-1349
2001-03-22,2333,779,-1554
2001-03-23,1040,1976,936
2001-03-26,1077,1995,918
2001-03-27,1118,1932,814
2001-03-28,1977,1083,-894
2001-03-29,1559,1489,-70
2001-03-30,965,2100,1135
2001-04-02,1861,1181,-680
2001-04-03,2354,740,-1614
2001-04-04,1522,1520,-2
2001-04-05,745,2309,1564
2001-04-06,2125,878,-1247
2001-04-09,1119,1920,801
2001-04-10,1006,2084,1078
2001-04-11,1917,1160,-757
2001-04-12,1151,1846,695
2001-04-16,1746,1296,-450
2001-04-17,1163,1857,694
2001-04-18,1061,2050,989
2001-04-19,1431,1629,198
2001-04-20,1860,1183,-677
2001-04-23,1823,1241,-582
2001-04-24,1496,1529,33
2001-04-25,991,2069,1078
2001-04-26,1113,1955,842
2001-04-27,1007,2001,994
2001-04-30,1347,1708,361
2001-05-01,1169,1869,700
2001-05-02,1508,1550,42
2001-05-03,1817,1226,-591
2001-05-04,996,2072,1076
2001-05-07,1593,1453,-140
2001-05-08,1446,1608,162
2001-05-09,1409,1605,196
2001-05-10,1225,1856,631
2001-05-11,1705,1329,-376
2001-05-14,1419,1632,213
2001-05-15,1170,1908,738
2001-05-16,940,2153,1213
2001-05-17,1207,1892,685
2001-05-18,1388,1646,258
2001-05-21,1042,2066,1024
2001-05-22,1609,1495,-114
2001-05-23,2019,1038,-981
2001-05-24,1463,1581,118
2001-05-25,1635,1387,-248
2001-05-29,1678,1409,-269
2001-05-30,1961,1100,-861
2001-05-31,1228,1834,606
2001-06-01,1238,1811,573
2001-06-04,1092,1982,890
2001-06-05,1087,1985,898
2001-06-06,1857,1214,-643
2001-06-07,1460,1587,127
2001-06-08,1711,1294,-417
2001-06-11,1801,1244,-557
2001-06-12,1524,1557,33
2001-06-13,1562,1520,-42
2001-06-14,2150,927,-1223
2001-06-15,1588,1437,-151
2001-06-18,1776,1309,-467
2001-06-19,1540,1500,-40
2001-06-20,1270,1822,552
2001-06-21,1351,1738,387
2001-06-22,1813,1244,-569
2001-06-25,1777,1301,-476
2001-06-26,1294,1778,484
2001-06-27,1268,1811,543
2001-06-28,1211,1884,673
2001-06-29,1122,1954,832
2001-07-02,1468,1598,130
2001-07-03,1349,1592,243
2001-07-05,1695,1371,-324
2001-07-06,2059,1028,-1031
2001-07-09,1472,1592,120
2001-07-10,1865,1215,-650
2001-07-11,1746,1344,-402
2001-07-12,1168,1941,773
2001-07-13,1280,1761,481
2001-07-16,1867,1190,-677
2001-07-17,1218,1845,627
2001-07-18,1779,1342,-437
2001-07-19,1261,1787,526
2001-07-20,1487,1566,79
2001-07-23,1919,1195,-724
2001-07-24,2147,978,-1169
2001-07-25,1178,1901,723
2001-07-26,1177,1917,740
2001-07-27,1401,1686,285
2001-07-30,1450,1678,228
2001-07-31,1450,1678,228
2001-08-01,1284,1829,545
2001-08-02,1298,1788,490
2001-08-03,1589,1472,-117
2001-08-06,1877,1206,-671
2001-08-07,1382,1715,333
2001-08-08,1908,1193,-715
2001-08-09,1357,1750,393
2001-08-10,1168,1908,740
2001-08-13,1452,1654,202
2001-08-14,1208,1902,694
2001-08-15,1460,1627,167
2001-08-16,1389,1689,300
2001-08-17,1925,1147,-778
2001-08-20,1340,1772,432
2001-08-21,1755,1334,-421
2001-08-22,1269,1844,575
2001-08-23,1694,1410,-284
2001-08-24,1108,1953,845
2001-08-27,1760,1360,-400
2001-08-28,1881,1219,-662
2001-08-29,1694,1438,-256
2001-08-30,2027,1069,-958
2001-08-31,1379,1694,315
2001-09-04,1469,1628,159
2001-09-05,1886,1246,-640
2001-09-06,2117,1021,-1096
2001-09-07,2181,907,-1274
2001-09-10,1966,1144,-822
2001-09-17,2675,608,-2067
2001-09-18,1928,1230,-698
2001-09-19,2439,758,-1681
2001-09-20,2651,560,-2091
2001-09-21,2434,808,-1626
2001-09-24,807,2412,1605
2001-09-25,1286,1895,609
2001-09-26,1657,1503,-154
2001-09-27,1184,1936,752
2001-09-28,696,2509,1813
2001-10-01,1867,1297,-570
2001-10-02,1056,2078,1022
2001-10-03,1004,2141,1137
2001-10-04,1324,1796,472
2001-10-05,1542,1572,30
2001-10-08,1897,1175,-722
2001-10-09,1613,1478,-135
2001-10-10,876,2259,1383
2001-10-11,1125,1987,862
2001-10-12,1890,1194,-696
2001-10-15,1569,1506,-63
2001-10-16,1139,1988,849
2001-10-17,1974,1158,-816
2001-10-18,2015,1118,-897
2001-10-19,1384,1683,299
2001-10-22,1286,1853,567
2001-10-23,1597,1529,-68
2001-10-24,1743,1374,-369
2001-10-25,1204,1913,709
2001-10-26,1279,1841,562
2001-10-29,2116,1019,-1097
2001-10-30,2146,971,-1175
2001-10-31,1183,1939,756
2001-11-01,893,2228,1335
2001-11-02,1522,1578,56
2001-11-05,1079,2053,974
2001-11-06,1053,2063,1010
2001-11-07,1541,1607,66
2001-11-08,1436,1688,252
2001-11-09,1495,1592,97
2001-11-12,1568,1501,-67
2001-11-13,932,2233,1301
2001-11-14,1236,1880,644
2001-11-15,1651,1497,-154
2001-11-16,1433,1685,252
2001-11-19,1168,1969,801
2001-11-20,1682,1471,-211
2001-11-21,1821,1270,-551
2001-11-23,751,2171,1420
2001-11-26,1509,1681,172
2001-11-27,1744,1402,-342
2001-11-28,2092,1070,-1022
2001-11-29,1154,1957,803
2001-11-30,1588,1558,-30
2001-12-03,1880,1277,-603
2001-12-04,943,2189,1246
2001-12-05,1116,2069,953
2001-12-06,1537,1586,49
2001-12-07,1696,1409,-287
2001-12-10,2178,969,-1209
2001-12-11,1564,1559,-5
2001-12-12,1619,1522,-97
2001-12-13,2052,1063,-989
2001-12-14,1361,1771,410
2001-12-17,1380,1786,406
2001-12-18,1152,1978,826
2001-12-19,1670,1530,-140
2001-12-20,1856,1280,-576
2001-12-21,1116,2073,957
2001-12-24,1222,1747,525
2001-12-26,1086,2059,973
2001-12-27,1073,2088,1015
2001-12-28,1156,1997,841
2001-12-31,1564,1614,50
2002-01-02,1549,1649,100
2002-01-03,1057,2112,1055
2002-01-04,1162,2002,840
2002-01-07,1687,1482,-205
2002-01-08,1519,1658,139
2002-01-09,1612,1532,-80
2002-01-10,1598,1564,-34
2002-01-11,1839,1323,-516
2002-01-14,1916,1246,-670
2002-01-15,1267,1884,617
2002-01-16,2048,1113,-935
2002-01-17,1153,1979,826
2002-01-18,1881,1233,-648
2002-01-22,1772,1367,-405
2002-01-23,1140,1966,826
2002-01-24,1394,1736,342
2002-01-25,1488,1606,118
2002-01-28,1486,1672,186
2002-01-29,2160,964,-1196
2002-01-30,1232,1891,659
2002-01-31,1006,2108,1102
2002-02-01,1671,1460,-211
2002-02-04,2203,944,-1259
2002-02-05,1791,1309,-482
2002-02-06,1939,1143,-796
2002-02-07,1699,1408,-291
2002-02-08,1049,2078,1029
2002-02-11,1014,2115,1101
2002-02-12,1570,1535,-35
2002-02-13,1155,1979,824
2002-02-14,1636,1489,-147
2002-02-15,1553,1557,4
2002-02-19,2144,1014,-1130
2002-02-20,1244,1894,650
2002-02-21,1856,1288,-568
2002-02-22,1171,1969,798
2002-02-25,1199,1936,737
2002-02-26,1334,1799,465
2002-02-27,1221,1921,700
2002-02-28,1453,1662,209
2002-03-01,931,2226,1295
2002-03-04,933,2248,1315
2002-03-05,1549,1599,50
2002-03-06,884,2289,1405
2002-03-07,1579,1609,30
2002-03-08,1497,1664,167
2002-03-11,1537,1631,94
2002-03-12,1616,1539,-77
2002-03-13,1785,1393,-392
2002-03-14,1392,1752,360
2002-03-15,1278,1869,591
2002-03-18,1396,1775,379
2002-03-19,1418,1729,311
2002-03-20,2168,1011,-1157
2002-03-21,1501,1674,173
2002-03-22,1819,1337,-482
2002-03-25,2225,955,-1270
2002-03-26,1208,1964,756
2002-03-27,1037,2127,1090
2002-03-28,1402,1769,367
2002-04-01,1704,1444,-260
2002-04-02,1656,1516,-140
2002-04-03,1988,1172,-816
2002-04-04,1408,1726,318
2002-04-05,1271,1870,599
2002-04-08,1329,1837,508
2002-04-09,1416,1732,316
2002-04-10,882,2261,1379
2002-04-11,2086,1069,-1017
2002-04-12,1044,2084,1040
2002-04-15,1767,1383,-384
2002-04-16,953,2236,1283
2002-04-17,1497,1667,170
2002-04-18,1567,1546,-21
2002-04-19,1383,1738,355
2002-04-22,1960,1191,-769
2002-04-23,1587,1579,-8
2002-04-24,1642,1520,-122
2002-04-25,1513,1646,133
2002-04-26,1888,1242,-646
2002-04-29,1736,1409,-327
2002-04-30,940,2220,1280
2002-05-01,1197,1913,716
2002-05-02,1297,1844,547
2002-05-03,1473,1638,165
2002-05-06,2113,1029,-1084
2002-05-07,1775,1398,-377
2002-05-08,1181,2001,820
2002-05-09,2053,1118,-935
2002-05-10,1995,1145,-850
2002-05-13,1209,1995,786
2002-05-14,986,2228,1242
2002-05-15,1487,1686,199
2002-05-16,1733,1416,-317
2002-05-17,1424,1735,311
2002-05-20,1942,1197,-745
2002-05-21,1942,1197,-745
2002-05-22,1550,1599,49
2002-05-23,1150,1993,843
2002-05-24,1890,1236,-654
2002-05-28,1916,1268,-648
2002-05-29,1775,1391,-384
2002-05-30,1687,1493,-194
2002-05-31,1220,1916,696
2002-06-03,2321,872,-1449
2002-06-04,1769,1416,-353
2002-06-05,1390,1773,383
2002-06-06,2181,995,-1186
2002-06-07,1352,1794,442
2002-06-10,1561,1636,75
2002-06-11,2007,1194,-813
2002-06-12,1592,1599,7
2002-06-13,1939,1238,-701
2002-06-14,1732,1446,-286
2002-06-17,826,2384,1558
2002-06-18,1559,1656,97
2002-06-19,1984,1195,-789
2002-06-21,1742,1352,-390
2002-06-24,1876,1302,-574
2002-06-25,1770,1403,-367
2002-06-26,1889,1328,-561
2002-06-27,1165,2000,835
2002-06-28,1067,2118,1051
2002-07-01,2083,1133,-950
2002-07-02,2431,786,-1645
2002-07-03,1941,1232,-709
2002-07-04,1941,1232,-709
2002-07-05,666,2303,1637
2002-07-08,1682,1481,-201
2002-07-09,1941,1241,-700
2002-07-10,2398,779,-1619
2002-07-11,1966,1238,-728
2002-07-12,1900,1275,-625
2002-07-15,2320,899,-1421
2002-07-16,1906,1282,-624
2002-07-17,1383,1794,411
2002-07-18,2154,1012,-1142
2002-07-19,2467,766,-1701
2002-07-22,2595,633,-1962
2002-07-23,2684,567,-2117
2002-07-24,1326,1987,661
2002-07-25,1380,1802,422
2002-07-26,1258,1958,700
2002-07-29,612,2639,2027
2002-07-30,1464,1724,260
2002-07-31,1534,1640,106
2002-08-01,1924,1247,-677
2002-08-02,2329,861,-1468
2002-08-05,2438,771,-1667
2002-08-06,808,2370,1562
2002-08-07,1138,2027,889
2002-08-08,979,2184,1205
2002-08-09,1404,1740,336
2002-08-12,1601,1368,-233
2002-08-13,2054,943,-1111
2002-08-14,812,2180,1368
2002-08-15,1109,1860,751
2002-08-16,1281,1679,398
2002-08-19,959,2039,1080
2002-08-20,1821,1162,-659
2002-08-21,859,2126,1267
2002-08-22,1047,1936,889
2002-08-23,2025,948,-1077
2002-08-26,849,2141,1292
2002-08-27,1819,1185,-634
2002-08-28,2064,917,-1147
2002-08-29,1304,1672,368
2002-08-30,1299,1645,346
2002-09-03,2386,640,-1746
2002-09-04,900,2099,1199
2002-09-05,1993,979,-1014
2002-09-06,815,2167,1352
2002-09-09,1289,1699,410
2002-09-10,1293,1657,364
2002-09-11,1368,1557,189
2002-09-12,2193,789,-1404
2002-09-13,1275,1649,374
2002-09-16,1646,1320,-326
2002-09-17,2142,852,-1290
2002-09-18,1824,1155,-669
2002-09-19,2358,662,-1696
2002-09-20,1407,1548,141
2002-09-23,2176,829,-1347
2002-09-24,2107,890,-1217
2002-09-25,858,2193,1335
2002-09-26,784,2221,1437
2002-09-27,2164,807,-1357
2002-09-30,1667,1338,-329
2002-10-01,921,2086,1165
2002-10-02,2063,911,-1152
2002-10-03,1727,1238,-489
2002-10-04,2262,726,-1536
2002-10-07,2340,651,-1689
2002-10-08,1573,1429,-144
2002-10-09,2636,417,-2219
2002-10-10,1104,1919,815
2002-10-11,605,2412,1807
2002-10-14,1409,1509,100
2002-10-15,716,2329,1613
2002-10-16,2261,764,-1497
2002-10-17,860,2162,1302
2002-10-18,1498,1459,-39
2002-10-21,1262,1984,722
2002-10-22,2024,956,-1068
2002-10-23,1098,1861,763
2002-10-24,1674,1288,-386
2002-10-25,942,2056,1114
2002-10-28,1711,1269,-442
2002-10-29,1720,1252,-468
2002-10-30,1063,1906,843
2002-10-31,1351,1647,296
2002-11-01,819,2157,1338
2002-11-04,1226,1767,541
2002-11-05,1400,1558,158
2002-11-06,997,2012,1015
2002-11-07,2001,986,-1015
2002-11-08,1810,1154,-656
2002-11-11,2153,780,-1373
2002-11-12,1138,1843,705
2002-11-13,1574,1421,-153
2002-11-14,756,2252,1496
2002-11-15,1192,1803,611
2002-11-18,1712,1283,-429
2002-11-19,1680,1298,-382
2002-11-20,904,2122,1218
2002-11-21,896,2103,1207
2002-11-22,1404,1585,181
2002-11-25,1276,1751,475
2002-11-26,1979,1017,-962
2002-11-27,576,2445,1869
2002-11-28,675,2595,1920
2002-11-29,1454,1390,-64
2002-12-02,1323,1697,374
2002-12-03,1898,1130,-768
2002-12-04,1562,1400,-162
2002-12-05,1798,1233,-565
2002-12-06,1174,1861,687
2002-12-09,2225,839,-1386
2002-12-10,932,2087,1155
2002-12-11,1368,1677,309
2002-12-12,1414,1627,213
2002-12-13,2015,1009,-1006
2002-12-16,860,2199,1339
2002-12-17,1851,1183,-668
2002-12-18,2174,1118,-1056
2002-12-19,1673,1391,-282
2002-12-20,1001,2055,1054
2002-12-23,1437,1606,169
2002-12-24,1538,1340,-198
2002-12-26,1312,1888,576
2002-12-27,2094,914,-1180
2002-12-30,1424,1849,425
2002-12-31,1121,1882,761
2003-01-02,654,2427,1773
2003-01-03,1424,1609,185
2003-01-06,783,2354,1571
2003-01-07,1908,1209,-699
2003-01-08,2077,1238,-839
2003-01-09,870,2244,1374
2003-01-10,1507,1568,61
2003-01-13,1523,1559,36
2003-01-14,1224,1869,645
2003-01-15,1910,1182,-728
2003-01-16,1417,1649,232
2003-01-17,2069,1001,-1068
2003-01-21,2179,930,-1249
2003-01-22,1984,1080,-904
2003-01-23,1151,1925,774
2003-01-24,2326,760,-1566
2003-01-27,2431,669,-1762
2003-01-28,1108,1983,875
2003-01-29,1346,1685,339
2003-01-30,2098,964,-1134
2003-01-31,853,2202,1349
2003-02-03,1429,1615,186
2003-02-04,1809,1246,-563
2003-02-05,1739,1318,-421
2003-02-06,1974,1083,-891
2003-02-07,2076,978,-1098
2003-02-10,1307,1763,456
2003-02-11,1841,1221,-620
2003-02-12,2150,890,-1260
2003-02-13,1768,1292,-476
2003-02-14,1084,1950,866
2003-02-18,828,2253,1425
2003-02-19,1898,1133,-765
2003-02-20,1631,1400,-231
2003-02-21,871,2168,1297
2003-02-24,2119,958,-1161
2003-02-25,1270,1784,514
2003-02-26,1906,1142,-764
2003-02-27,970,2053,1083
2003-02-28,1228,1778,550
2003-03-03,1543,1479,-64
2003-03-04,1997,1029,-968
2003-03-05,1408,1646,238
2003-03-06,1911,1129,-782
2003-03-07,1355,1679,324
2003-03-10,2371,704,-1667
2003-03-11,1810,1229,-581
2003-03-12,1778,1275,-503
2003-03-13,796,2308,1512
2003-03-14,1346,1692,346
2003-03-17,789,2323,1534
2003-03-18,1366,1687,321
2003-03-19,1359,1670,311
2003-03-20,1236,1791,555
2003-03-21,891,2194,1303
2003-03-24,2443,644,-1799
2003-03-25,838,2234,1396
2003-03-26,1760,1303,-457
2003-03-27,1391,1655,264
2003-03-28,1401,1598,197
2003-03-31,1846,1202,-644
2003-04-01,949,2090,1141
2003-04-02,806,2259,1453
2003-04-03,1686,1327,-359
2003-04-04,1354,1660,306
2003-04-07,1160,1907,747
2003-04-08,1701,1326,-375
2003-04-09,1709,1319,-390
2003-04-10,1261,1738,477
2003-04-11,1520,1472,-48
2003-04-14,777,2273,1496
2003-04-15,1031,2006,975
2003-04-16,1697,1336,-361
2003-04-17,782,2268,1486
2003-04-21,1341,1709,368
2003-04-22,790,2320,1530
2003-04-23,1168,1902,734
2003-04-24,1810,1235,-575
2003-04-25,1923,1129,-794
2003-04-28,753,2323,1570
2003-04-29,1327,1736,409
2003-04-30,1238,1816,578
2003-05-01,1473,1551,78
2003-05-02,692,2350,1658
2003-05-05,1335,1725,390
2003-05-06,1004,2057,1053
2003-05-07,1627,1414,-213
2003-05-08,1710,1338,-372
2003-05-09,773,2283,1510
2003-05-12,930,2149,1219
2003-05-13,1549,1496,-53
2003-05-14,1571,1469,-102
2003-05-15,1149,1915,766
2003-05-16,1535,1535,0
2003-05-19,2214,855,-1359
2003-05-20,1342,1695,353
2003-05-21,1239,1831,592
2003-05-22,1036,2029,993
2003-05-23,1034,2021,987
2003-05-27,883,2194,1311
2003-05-28,1298,1769,471
2003-05-29,1448,1624,176
2003-05-30,687,2405,1718
2003-06-02,1096,2003,907
2003-06-03,1413,1653,240
2003-06-04,709,2409,1700
2003-06-05,1183,1918,735
2003-06-06,1569,1511,-58
2003-06-09,2128,980,-1148
2003-06-10,896,2184,1288
2003-06-11,876,2216,1340
2003-06-12,1299,1796,497
2003-06-13,2024,1054,-970
2003-06-16,810,2281,1471
2003-06-17,1647,1422,-225
2003-06-18,1867,1211,-656
2003-06-19,2027,1039,-988
2003-06-20,1528,1494,-34
2003-06-23,2320,740,-1580
2003-06-24,1421,1643,222
2003-06-25,1418,1662,244
2003-06-26,1072,2012,940
2003-06-27,1604,1437,-167
2003-06-30,1497,1575,78
2003-07-01,1189,1842,653
2003-07-02,688,2390,1702
2003-07-03,1774,1143,-631
2003-07-07,957,2120,1163
2003-07-08,1290,1761,471
2003-07-09,1633,1398,-235
2003-07-10,2167,870,-1297
2003-07-11,949,2084,1135
2003-07-14,1195,1883,688
2003-07-15,2026,1055,-971
2003-07-16,2059,990,-1069
2003-07-17,2317,729,-1588
2003-07-18,962,2055,1093
2003-07-21,2264,792,-1472
2003-07-22,1280,1789,509
2003-07-23,1440,1563,123
2003-07-24,1574,1482,-92
2003-07-25,1023,2016,993
2003-07-28,1609,1477,-132
2003-07-29,1849,1203,-646
2003-07-30,1583,1451,-132
2003-07-31,1579,1494,-85
2003-08-01,2188,854,-1334
2003-08-04,1943,1092,-851
2003-08-05,2102,933,-1169
2003-08-06,1542,1507,-35
2003-08-07,1164,1868,704
2003-08-08,1122,1889,767
2003-08-11,1177,1811,634
2003-08-12,884,2145,1261
2003-08-13,1683,1338,-345
2003-08-14,1126,1897,771
2003-08-15,1292,1603,311
2003-08-18,1002,2061,1059
2003-08-19,1064,1980,916
2003-08-20,1360,1644,284
2003-08-21,1065,1966,901
2003-08-22,2115,927,-1188
2003-08-25,1766,1240,-526
2003-08-26,1307,1716,409
2003-08-27,1185,1818,633
2003-08-28,916,2087,1171
2003-08-29,994,1962,968
2003-09-02,838,2231,1393
2003-09-03,1136,1913,777
2003-09-04,1338,1687,349
2003-09-05,1716,1311,-405
2003-09-08,874,2160,1286
2003-09-09,1892,1131,-761
2003-09-10,2084,984,-1100
2003-09-11,1039,2003,964
2003-09-12,1229,1775,546
2003-09-15,1673,1361,-312
2003-09-16,840,2205,1365
2003-09-17,1582,1436,-146
2003-09-18,1003,2011,1008
2003-09-19,1344,1649,305
2003-09-22,2192,839,-1353
2003-09-23,1107,1926,819
2003-09-24,2057,996,-1061
2003-09-25,2029,991,-1038
2003-09-26,1970,1039,-931
2003-09-29,911,2127,1216
2003-09-30,1596,1457,-139
2003-10-01,533,2533,2000
2003-10-02,1187,1819,632
2003-10-03,972,2074,1102
2003-10-06,1054,1950,896
2003-10-07,1185,1834,649
2003-10-08,1662,1345,-317
2003-10-09,1135,1911,776
2003-10-10,1408,1608,200
2003-10-13,831,2181,1350
2003-10-14,1272,1757,485
2003-10-15,1851,1169,-682
2003-10-16,1232,1781,549
2003-10-17,2072,923,-1149
2003-10-20,1327,1685,358
2003-10-21,1335,1676,341
2003-10-22,2147,882,-1265
2003-10-23,1582,1435,-147
2003-10-24,1730,1255,-475
2003-10-27,977,2032,1055
2003-10-28,968,2074,1106
2003-10-29,1132,1904,772
2003-10-30,1506,1551,45
2003-10-31,1349,1646,297
2003-11-03,919,2124,1205
2003-11-04,1471,1581,110
2003-11-05,1492,1518,26
2003-11-06,1224,1798,574
2003-11-07,1362,1669,307
2003-11-10,1993,1048,-945
2003-11-11,1814,1198,-616
2003-11-12,701,2347,1646
2003-11-13,1310,1726,416
2003-11-14,1797,1222,-575
2003-11-17,2153,884,-1269
2003-11-18,1805,1244,-561
2003-11-19,1366,1644,278
2003-11-20,1890,1158,-732
2003-11-21,1188,1818,630
2003-11-24,752,2320,1568
2003-11-25,971,2077,1106
2003-11-26,1001,1995,994
2003-11-28,1157,1687,530
2003-12-01,882,2417,1535
2003-12-02,1535,1496,-39
2003-12-03,1657,1398,-259
2003-12-04,1517,1504,-13
2003-12-05,1707,1299,-408
2003-12-08,998,2023,1025
2003-12-09,1873,1184,-689
2003-12-10,1919,1162,-757
2003-12-11,741,2310,1569
2003-12-12,1029,2033,1004
2003-12-15,1914,1156,-758
2003-12-16,1267,1817,550
2003-12-17,1221,1791,570
2003-12-18,764,2287,1523
2003-12-19,1479,1553,74
2003-12-22,1131,1912,781
2003-12-23,1110,1913,803
2003-12-24,1414,1480,66
2003-12-26,1026,1834,808
2003-12-29,696,2384,1688
2003-12-30,1257,1768,511
2003-12-31,1636,1401,-235
2004-01-02,1399,1630,231
2004-01-05,1006,2089,1083
2004-01-06,1502,1578,76
2004-01-07,1443,1644,201
2004-01-08,1184,1879,695
2004-01-09,1602,1478,-124
2004-01-12,1172,1907,735
2004-01-13,1600,1488,-112
2004-01-14,991,2073,1082
2004-01-15,1564,1519,-45
2004-01-16,1313,1755,442
2004-01-20,1167,1933,766
2004-01-21,1145,1915,770
2004-01-22,1499,1580,81
2004-01-23,1451,1629,178
2004-01-26,1324,1760,436
2004-01-27,1748,1334,-414
2004-01-28,2288,841,-1447
2004-01-29,1925,1158,-767
2004-01-30,1455,1574,119
2004-02-02,1412,1656,244
2004-02-03,1513,1551,38
2004-02-04,2245,798,-1447
2004-02-05,1416,1634,218
2004-02-06,618,2484,1866
2004-02-09,1372,1706,334
2004-02-10,1047,2020,973
2004-02-11,945,2112,1167
2004-02-12,1743,1305,-438
2004-02-13,1918,1145,-773
2004-02-17,809,2290,1481
2004-02-18,1887,1182,-705
2004-02-19,1934,1128,-806
2004-02-20,1945,1109,-836
2004-02-23,1953,1112,-841
2004-02-24,1511,1556,45
2004-02-25,1040,2014,974
2004-02-26,1136,1916,780
2004-02-27,545,1092,547
2004-03-01,729,2343,1614
2004-03-02,1751,1315,-436
2004-03-03,1523,1521,-2
2004-03-04,1134,1918,784
2004-03-05,1030,2042,1012
2004-03-08,1825,1251,-574
2004-03-09,1966,1111,-855
2004-03-10,2356,734,-1622
2004-03-11,2296,788,-1508
2004-03-12,805,2277,1472
2004-03-15,2300,762,-1538
2004-03-16,1257,1789,532
2004-03-17,703,2400,1697
2004-03-18,1701,1361,-340
2004-03-19,1888,1134,-754
2004-03-22,2399,676,-1723
2004-03-23,1289,1749,460
2004-03-24,1974,1046,-928
2004-03-25,803,2240,1437
2004-03-26,1422,1637,215
2004-03-29,798,2282,1484
2004-03-30,1005,2042,1037
2004-03-31,1184,1871,687
2004-04-01,1032,2029,997
2004-04-02,1390,1681,291
2004-04-05,1637,1480,-157
2004-04-06,1913,1166,-747
2004-04-07,1589,1464,-125
2004-04-08,1918,1087,-831
2004-04-09,1918,1087,-831
2004-04-12,1467,1584,117
2004-04-13,2727,399,-2328
2004-04-14,2416,714,-1702
2004-04-15,1567,1514,-53
2004-04-16,851,2221,1370
2004-04-19,1516,1531,15
2004-04-20,2353,725,-1628
2004-04-21,1578,1512,-66
2004-04-22,735,2348,1613
2004-04-23,1993,1077,-916
2004-04-26,1894,1172,-722
2004-04-27,1338,1732,394
2004-04-28,2388,690,-1698
2004-04-29,2284,792,-1492
2004-04-30,1816,1209,-607
2004-05-03,1215,1859,644
2004-05-04,1288,1773,485
2004-05-05,1520,1527,7
2004-05-06,2501,604,-1897
2004-05-07,2937,249,-2688
2004-05-10,2866,335,-2531
2004-05-11,648,2492,1844
2004-05-12,1495,1585,90
2004-05-13,1616,1466,-150
2004-05-14,1376,1693,317
2004-05-17,2150,939,-1211
2004-05-18,848,2245,1397
2004-05-19,1444,1631,187
2004-05-20,1307,1777,470
2004-05-21,1009,2026,1017
2004-05-24,850,2227,1377
2004-05-25,524,2605,2081
2004-05-26,1173,1893,720
2004-05-27,966,2108,1142
2004-05-28,1288,1757,469
2004-06-01,1487,1566,79
2004-06-02,1211,1841,630
2004-06-03,2256,806,-1450
2004-06-04,1007,2011,1004
2004-06-07,609,2475,1866
2004-06-08,1621,1400,-221
2004-06-09,2265,752,-1513
2004-06-10,1317,1714,397
2004-06-14,2572,543,-2029
2004-06-15,689,2408,1719
2004-06-16,1366,1678,312
2004-06-17,1237,1776,539
2004-06-18,1330,1694,364
2004-06-21,1604,1457,-147
2004-06-22,1372,1644,272
2004-06-23,900,2145,1245
2004-06-24,1530,1526,-4
2004-06-25,1372,1656,284
2004-06-28,1671,1370,-301
2004-06-29,1464,1615,151
2004-06-30,833,2232,1399
2004-07-01,1815,1231,-584
2004-07-02,1129,1932,803
2004-07-06,1915,1134,-781
2004-07-07,1149,1880,731
2004-07-08,2044,995,-1049
2004-07-09,1107,1885,778
2004-07-12,1342,1685,343
2004-07-13,1477,1562,85
2004-07-14,1588,1454,-134
2004-07-15,1381,1627,246
2004-07-16,1484,1548,64
2004-07-19,1445,1605,160
2004-07-20,1197,1840,643
2004-07-21,2403,676,-1727
2004-07-22,1863,1176,-687
2004-07-23,2056,960,-1096
2004-07-26,2061,984,-1077
2004-07-27,1098,1964,866
2004-07-28,1559,1492,-67
2004-07-29,904,2129,1225
2004-07-30,1165,1850,685
2004-08-02,1222,1790,568
2004-08-03,1734,1295,-439
2004-08-04,1570,1469,-101
2004-08-05,2249,758,-1491
2004-08-06,1984,1109,-875
2004-08-09,1640,1414,-226
2004-08-10,772,2279,1507
2004-08-11,1753,1265,-488
2004-08-12,2179,861,-1318
2004-08-13,1283,1713,430
2004-08-16,646,2403,1757
2004-08-17,1254,1792,538
2004-08-18,684,2378,1694
2004-08-19,1703,1303,-400
2004-08-20,733,2312,1579
2004-08-23,1955,1098,-857
2004-08-24,1350,1735,385
2004-08-25,933,2151,1218
2004-08-26,1383,1650,267
2004-08-27,981,2029,1048
2004-08-30,1900,1131,-769
2004-08-31,944,2136,1192
2004-09-01,1155,1888,733
2004-09-02,811,2229,1418
2004-09-03,1760,1260,-500
2004-09-07,818,2253,1435
2004-09-08,1821,1210,-611
2004-09-09,1195,1866,671
2004-09-10,1233,1805,572
2004-09-13,1230,1838,608
2004-09-14,1591,1472,-119
2004-09-15,1785,1226,-559
2004-09-16,777,2263,1486
2004-09-17,1445,1587,142
2004-09-20,1827,1200,-627
2004-09-21,884,2168,1284
2004-09-22,2187,877,-1310
2004-09-23,1658,1374,-284
2004-09-24,1347,1680,333
2004-09-27,2018,1043,-975
2004-09-28,970,2083,1113
2004-09-29,1341,1698,357
2004-09-30,1193,1860,667
2004-10-01,724,2309,1585
2004-10-04,1245,1815,570
2004-10-05,1572,1482,-90
2004-10-06,939,2071,1132
2004-10-07,2252,781,-1471
2004-10-08,1611,1428,-183
2004-10-11,1430,1562,132
2004-10-12,1635,1419,-216
2004-10-13,2109,950,-1159
2004-10-14,1810,1231,-579
2004-10-15,946,2090,1144
2004-10-18,1392,1648,256
2004-10-19,1999,1046,-953
2004-10-20,1399,1641,242
2004-10-21,960,2096,1136
2004-10-22,1949,1062,-887
2004-10-25,1435,1609,174
2004-10-26,852,2196,1344
2004-10-27,935,2113,1178
2004-10-28,1474,1560,86
2004-10-29,1293,1738,445
2004-11-01,1267,1781,514
2004-11-02,1450,1626,176
2004-11-03,727,2348,1621
2004-11-04,681,2405,1724
2004-11-05,1510,1624,114
2004-11-08,1869,1217,-652
2004-11-09,1301,1758,457
2004-11-10,1288,1787,499
2004-11-11,831,2227,1396
2004-11-12,795,2275,1480
2004-11-15,1402,1673,271
2004-11-16,1925,1150,-775
2004-11-17,959,2115,1156
2004-11-18,1529,1510,-19
2004-11-19,2201,882,-1319
2004-11-22,945,2145,1200
2004-11-23,1208,1867,659
2004-11-24,836,2214,1378
2004-11-26,1155,1685,530
2004-11-29,1722,1375,-347
2004-11-30,1763,1325,-438
2004-12-01,927,2174,1247
2004-12-02,1892,1175,-717
2004-12-03,1182,1884,702
2004-12-06,1789,1293,-496
2004-12-07,2224,592,-1632
2004-12-08,1235,1818,583
2004-12-09,1386,1655,269
2004-12-10,1356,1672,316
2004-12-13,952,2115,1163
2004-12-14,1138,1935,797
2004-12-15,993,2106,1113
2004-12-16,2011,1060,-951
2004-12-17,1552,1517,-35
2004-12-20,1555,1512,-43
2004-12-21,847,2253,1406
2004-12-22,1249,1834,585
2004-12-23,1316,1697,381
2004-12-27,1881,1167,-714
2004-12-28,785,2302,1517
2004-12-29,1344,1710,366
2004-12-30,1280,1728,448
2004-12-31,1422,1578,156
2005-01-03,2295,775,-1520
2005-01-04,2504,822,-1682
2005-01-05,2262,816,-1446
2005-01-06,1302,1753,451
2005-01-07,1826,1237,-589
2005-01-10,1153,1934,781
2005-01-11,1988,1076,-912
2005-01-12,1303,1775,472
2005-01-13,1682,1379,-303
2005-01-14,951,2111,1160
2005-01-18,988,2113,1125
2005-01-19,1921,1191,-730
2005-01-20,2114,929,-1185
2005-01-21,1599,1442,-157
2005-01-24,1897,1196,-701
2005-01-25,1507,1581,74
2005-01-26,854,2190,1336
2005-01-27,1360,1688,328
2005-01-28,1665,1368,-297
2005-01-31,720,2391,1671
2005-02-01,976,2107,1131
2005-02-02,1155,1925,770
2005-02-03,1656,1398,-258
2005-02-04,745,2355,1610
2005-02-07,1526,1559,33
2005-02-08,1379,1698,319
2005-02-09,2077,1000,-1077
2005-02-10,1378,1708,330
2005-02-11,905,2172,1267
2005-02-14,1384,1686,302
2005-02-15,1398,1649,251
2005-02-16,1429,1635,206
2005-02-17,2054,1030,-1024
2005-02-18,1933,1172,-761
2005-02-21,1933,1172,-761
2005-02-22,2459,680,-1779
2005-02-23,1139,1948,809
2005-02-24,1021,2099,1078
2005-02-25,724,2353,1629
2005-02-28,1878,1217,-661
2005-03-01,1104,1974,870
2005-03-02,1630,1408,-222
2005-03-03,1425,1618,193
2005-03-04,716,2354,1638
2005-03-07,1433,1630,197
2005-03-08,1975,1076,-899
2005-03-09,2476,648,-1828
2005-03-10,1780,1292,-488
2005-03-11,1836,1233,-603
2005-03-14,1403,1691,288
2005-03-15,2030,1045,-985
2005-03-16,2205,870,-1335
2005-03-17,1277,1753,476
2005-03-18,1904,1156,-748
2005-03-21,2113,957,-1156
2005-03-22,2188,897,-1291
2005-03-23,2388,704,-1684
2005-03-24,1236,1835,599
2005-03-28,1713,1352,-361
2005-03-29,2137,921,-1216
2005-03-30,735,2321,1586
2005-03-31,1229,1811,582
2005-04-01,1614,1426,-188
2005-04-04,1461,1586,125
2005-04-05,1314,1734,420
2005-04-06,1241,1781,540
2005-04-07,1088,1939,851
2005-04-08,2156,834,-1322
2005-04-11,1729,1307,-422
2005-04-12,1116,1938,822
2005-04-13,2210,858,-1352
2005-04-14,2404,669,-1735
2005-04-15,2491,767,-1724
2005-04-18,1261,1792,531
2005-04-19,786,2300,1514
2005-04-20,2299,780,-1519
2005-04-21,763,2301,1538
2005-04-22,1867,1146,-721
2005-04-25,899,2190,1291
2005-04-26,2088,949,-1139
2005-04-27,1459,1580,121
2005-04-28,2161,877,-1284
2005-04-29,1018,2019,1001
2005-05-02,1064,1972,908
2005-05-03,1585,1471,-114
2005-05-04,724,2367,1643
2005-05-05,1451,1594,143
2005-05-06,1517,1492,-25
2005-05-09,963,2089,1126
2005-05-10,2121,930,-1191
2005-05-11,1375,1671,296
2005-05-12,2230,831,-1399
2005-05-13,2081,947,-1134
2005-05-16,847,2206,1359
2005-05-17,1089,1951,862
2005-05-18,686,2383,1697
2005-05-19,1131,1881,750
2005-05-20,1653,1355,-298
2005-05-23,1103,1945,842
2005-05-24,1585,1450,-135
2005-05-25,2065,977,-1088
2005-05-26,971,2282,1311
2005-05-27,1022,2202,1180
2005-05-30,1022,2202,1180
2005-05-31,1609,1675,66
2005-06-01,882,2433,1551
2005-06-02,1315,1992,677
2005-06-03,1830,1422,-408
2005-06-06,1316,1945,629
2005-06-07,1396,1848,452
2005-06-08,1832,1411,-421
2005-06-09,1330,1890,560
2005-06-10,1617,1602,-15
2005-06-13,1377,1900,523
2005-06-14,1185,2071,886
2005-06-15,1296,1946,650
2005-06-16,1054,2218,1164
2005-06-17,1229,2030,801
2005-06-20,1948,1314,-634
2005-06-21,1700,1552,-148
2005-06-22,1353,1913,560
2005-06-23,2199,1056,-1143
2005-06-24,1987,1229,-758
2005-06-27,1683,1623,-60
2005-06-28,920,2339,1419
2005-06-29,1376,1835,459
2005-06-30,1739,1543,-196
2005-07-01,1179,2060,881
2005-07-05,1138,2152,1014
2005-07-06,1867,1383,-484
2005-07-07,1445,1767,322
2005-07-08,800,2482,1682
2005-07-11,942,2360,1418
2005-07-12,1410,1873,463
2005-07-13,1796,1446,-350
2005-07-14,1784,1483,-301
2005-07-15,1568,1628,60
2005-07-18,1990,1261,-729
2005-07-19,995,2281,1286
2005-07-20,1016,2277,1261
2005-07-21,2237,1025,-1212
2005-07-22,1032,2194,1162
2005-07-25,2067,1211,-856
2005-07-26,1355,1901,546
2005-07-27,1336,1898,562
2005-07-28,880,2417,1537
2005-07-29,1925,1318,-607
2005-08-01,1460,1779,319
2005-08-02,1069,2174,1105
2005-08-03,1718,1535,-183
2005-08-04,2189,1069,-1120
2005-08-05,2526,730,-1796
2005-08-08,2048,1203,-845
2005-08-09,1382,1881,499
2005-08-10,1395,1884,489
2005-08-11,1044,2249,1205
2005-08-12,1998,1243,-755
2005-08-15,1353,1903,550
2005-08-16,2319,970,-1349
2005-08-17,1743,1481,-262
2005-08-18,1982,1258,-724
2005-08-19,1432,1797,365
2005-08-22,1211,2054,843
2005-08-23,1821,1446,-375
2005-08-24,1831,1478,-353
2005-08-25,1314,1897,583
2005-08-26,2263,976,-1287
2005-08-29,1188,2037,849
2005-08-30,1837,1394,-443
2005-08-31,770,2518,1748
2005-09-01,1270,1986,716
2005-09-02,1752,1447,-305
2005-09-05,1752,1447,-305
2005-09-06,871,2379,1508
2005-09-07,1527,1717,190
2005-09-08,1998,1233,-765
2005-09-09,963,2286,1323
2005-09-12,1746,1530,-216
2005-09-13,2306,987,-1319
2005-09-14,2045,1206,-839
2005-09-15,1684,1537,-147
2005-09-16,1321,1937,616
2005-09-19,2200,1056,-1144
2005-09-20,2248,1027,-1221
2005-09-21,2188,1100,-1088
2005-09-22,1841,1449,-392
2005-09-23,1565,1689,124
2005-09-26,1449,1827,378
2005-09-27,1902,1379,-523
2005-09-28,1628,1650,22
2005-09-29,985,2261,1276
2005-09-30,1260,2004,744
2005-10-03,1455,1805,350
2005-10-04,2153,1095,-1058
2005-10-05,2669,600,-2069
2005-10-06,2179,1070,-1109
2005-10-07,1274,1967,693
2005-10-10,2298,933,-1365
2005-10-11,2028,1234,-794
2005-10-12,2640,680,-1960
2005-10-13,2143,1148,-995
2005-10-14,1037,2232,1195
2005-10-17,1488,1748,260
2005-10-18,2335,908,-1427
2005-10-19,1153,2105,952
2005-10-20,2450,812,-1638
2005-10-21,1095,2144,1049
2005-10-24,783,2510,1727
2005-10-25,1987,1269,-718
2005-10-26,2203,1067,-1136
2005-10-27,2399,858,-1541
2005-10-28,864,2363,1499
2005-10-31,797,2480,1683
2005-11-01,1724,1533,-191
2005-11-02,833,2426,1593
2005-11-03,1575,1648,73
2005-11-04,1704,1501,-203
2005-11-07,1415,1802,387
2005-11-08,1982,1238,-744
2005-11-09,1491,1772,281
2005-11-10,1322,1929,607
2005-11-11,1389,1812,423
2005-11-14,2054,1232,-822
2005-11-15,2215,1053,-1162
2005-11-16,1711,1593,-118
2005-11-17,825,2437,1612
2005-11-18,1314,1940,626
2005-11-21,1229,2043,814
2005-11-22,1339,1944,605
2005-11-23,1307,1953,646
2005-11-24,1312,1958,646
2005-11-25,1227,1835,608
2005-11-28,2193,1112,-1081
2005-11-29,1352,1937,585
2005-11-30,1688,1621,-67
2005-12-01,764,2555,1791
2005-12-02,1548,1731,183
2005-12-05,1962,1338,-624
2005-12-06,1489,1819,330
2005-12-07,2095,1226,-869
2005-12-08,1454,1833,379
2005-12-09,1292,1995,703
2005-12-12,1567,1756,189
2005-12-13,1488,1822,334
2005-12-14,1288,2017,729
2005-12-15,2106,1218,-888
2005-12-16,1693,1589,-104
2005-12-19,2405,939,-1466
2005-12-20,1638,1638,0
2005-12-21,1211,2083,872
2005-12-22,1247,2057,810
2005-12-23,1180,2063,883
2005-12-26,1186,2051,865
2005-12-27,2323,1017,-1306
2005-12-28,1194,2114,920
2005-12-29,1665,1595,-70
2005-12-30,1930,1341,-589
2006-01-02,1918,1351,-567
2006-01-03,828,2538,1710
2006-01-04,945,2412,1467
2006-01-05,1492,1837,345
2006-01-06,822,2466,1644
2006-01-09,1091,2213,1122
2006-01-10,1513,1831,318
2006-01-11,1465,1844,379
2006-01-12,2104,1189,-915
2006-01-13,1468,1807,339
2006-01-16,1461,1806,345
2006-01-17,2151,1174,-977
2006-01-18,1790,1500,-290
2006-01-19,969,2355,1386
2006-01-20,2332,990,-1342
2006-01-23,1211,2076,865
2006-01-24,1064,2238,1174
2006-01-25,1789,1537,-252
2006-01-26,1166,2120,954
2006-01-27,1149,2107,958
2006-01-30,1698,1596,-102
2006-01-31,1518,1771,253
2006-02-01,1458,1795,337
2006-02-02,2304,988,-1316
2006-02-03,1947,1318,-629
2006-02-06,1313,1971,658
2006-02-07,2194,1058,-1136
2006-02-08,1385,1908,523
2006-02-09,1586,1691,105
2006-02-10,1587,1689,102
2006-02-13,2061,1212,-849
2006-02-14,1071,2204,1133
2006-02-15,1181,2072,891
2006-02-16,975,2304,1329
2006-02-17,1424,1851,427
2006-02-20,1424,1852,428
2006-02-21,1732,1550,-182
2006-02-22,1062,2226,1164
2006-02-23,1860,1425,-435
2006-02-24,1288,1946,658
2006-02-27,1363,1895,532
2006-02-28,2237,1035,-1202
2006-03-01,940,2320,1380
2006-03-02,1797,1441,-356
2006-03-03,1906,1336,-570
2006-03-06,2251,996,-1255
2006-03-07,2362,879,-1483
2006-03-08,1629,1598,-31
2006-03-09,1777,1450,-327
2006-03-10,955,2326,1371
2006-03-13,1415,1837,422
2006-03-14,859,2404,1545
2006-03-15,1149,2124,975
2006-03-16,1106,2132,1026
2006-03-17,1446,1796,350
2006-03-20,1840,1441,-399
2006-03-21,2385,906,-1479
2006-03-22,1026,2245,1219
2006-03-23,1647,1582,-65
2006-03-24,1290,1942,652
2006-03-27,1850,1411,-439
2006-03-28,2104,1159,-945
2006-03-29,901,2401,1500
2006-03-30,1835,1405,-430
2006-03-31,1546,1696,150
2006-04-03,1695,1586,-109
2006-04-04,1367,1905,538
2006-04-05,1281,2001,720
2006-04-06,1856,1381,-475
2006-04-07,2643,624,-2019
2006-04-10,1872,1389,-483
2006-04-11,2398,854,-1544
2006-04-12,1533,1691,158
2006-04-13,1767,1466,-301
2006-04-14,1767,1466,-301
2006-04-17,1816,1450,-366
2006-04-18,703,2595,1892
2006-04-19,1257,2017,760
2006-04-20,1718,1528,-190
2006-04-21,1517,1745,228
2006-04-24,968,1297,329
2006-04-25,2038,1235,-803
2006-04-26,1461,1796,335
2006-04-27,1591,1639,48
2006-04-28,1276,1959,683
2006-05-01,1802,1447,-355
2006-05-02,1171,2058,887
2006-05-03,1860,1374,-486
2006-05-04,1194,2015,821
2006-05-05,847,2422,1575
2006-05-08,1598,1639,41
2006-05-09,1663,1616,-47
2006-05-10,1801,1453,-348
2006-05-11,2618,698,-1920
2006-05-12,2587,657,-1930
2006-05-15,1829,1382,-447
2006-05-16,1550,1686,136
2006-05-17,2720,583,-2137
2006-05-18,2010,1229,-781
2006-05-19,1333,1905,572
2006-05-22,2166,1080,-1086
2006-05-23,1758,1483,-275
2006-05-24,1921,1362,-559
2006-05-25,729,2516,1787
2006-05-26,964,2264,1300
2006-05-29,952,2271,1319
2006-05-30,2538,742,-1796
2006-05-31,839,2427,1588
2006-06-01,717,2533,1816
2006-06-02,1097,2177,1080
2006-06-05,2580,697,-1883
2006-06-06,2096,1142,-954
2006-06-07,1945,1290,-655
2006-06-08,1867,1421,-446
2006-06-09,1730,1494,-236
2006-06-12,2559,713,-1846
2006-06-13,2507,763,-1744
2006-06-14,1544,1731,187
2006-06-15,621,2663,2042
2006-06-16,2078,1179,-899
2006-06-19,2411,860,-1551
2006-06-20,1821,1424,-397
2006-06-21,833,2419,1586
2006-06-22,2113,1121,-992
2006-06-23,1617,1595,-22
2006-06-26,1226,2036,810
2006-06-27,2339,922,-1417
2006-06-28,1274,1979,705
2006-06-29,499,2776,2277
2006-06-30,1034,2281,1247
2006-07-03,827,2362,1535
2006-07-04,837,2358,1521
2006-07-05,2395,911,-1484
2006-07-06,1247,2032,785
2006-07-07,2029,1242,-787
2006-07-10,1258,1996,738
2006-07-11,1221,2055,834
2006-07-12,2262,1019,-1243
2006-07-13,2514,783,-1731
2006-07-14,2191,1058,-1133
2006-07-17,1898,1355,-543
2006-07-18,1502,1766,264
2006-07-19,462,2864,2402
2006-07-20,2228,1042,-1186
2006-07-21,2157,1110,-1047
2006-07-24,603,2696,2093
2006-07-25,1055,2203,1148
2006-07-26,1476,1800,324
2006-07-27,1842,1395,-447
2006-07-28,639,2636,1997
2006-07-31,1620,1626,6
2006-08-01,1995,1269,-726
2006-08-02,1003,2259,1256
2006-08-03,1291,1954,663
2006-08-04,1416,1844,428
2006-08-07,2008,1249,-759
2006-08-08,1935,1329,-606
2006-08-09,1888,1376,-512
2006-08-10,1291,1980,689
2006-08-11,2138,1129,-1009
2006-08-14,1477,1788,311
2006-08-15,525,2794,2269
2006-08-16,779,2508,1729
2006-08-17,1511,1770,259
2006-08-18,1357,1862,505
2006-08-21,1912,1346,-566
2006-08-22,1359,1915,556
2006-08-23,2239,1015,-1224
2006-08-24,1494,1756,262
2006-08-25,1550,1683,133
2006-08-28,981,2301,1320
2006-08-29,1057,2222,1165
2006-08-30,1207,2072,865
2006-08-31,1300,1937,637
2006-09-01,1095,2111,1016
2006-09-04,1095,2099,1004
2006-09-05,1372,1881,509
2006-09-06,2621,664,-1957
2006-09-07,2163,1098,-1065
2006-09-08,1244,2000,756
2006-09-11,1752,1440,-312
2006-09-12,804,2492,1688
2006-09-13,1041,2246,1205
2006-09-14,1931,1309,-622
2006-09-15,1340,1929,589
2006-09-18,1660,1605,-55
2006-09-19,1841,1407,-434
2006-09-20,1121,2139,1018
2006-09-21,1931,1355,-576
2006-09-22,2014,1240,-774
2006-09-25,1046,2249,1203
2006-09-26,1164,2117,953
2006-09-27,1267,2047,780
2006-09-28,1518,1732,214
2006-09-29,1923,1332,-591
2006-10-02,1782,1468,-314
2006-10-03,1567,1698,131
2006-10-04,711,2583,1872
2006-10-05,1053,2202,1149
2006-10-06,2049,1183,-866
2006-10-09,1252,1962,710
2006-10-10,1477,1780,303
2006-10-11,1936,1328,-608
2006-10-12,692,2627,1935
2006-10-13,1328,1942,614
2006-10-16,1014,2305,1291
2006-10-17,2052,1262,-790
2006-10-18,1448,1855,407
2006-10-19,1268,2033,765
2006-10-20,1783,1479,-304
2006-10-23,1364,1897,533
2006-10-24,1451,1823,372
2006-10-25,1081,2213,1132
2006-10-26,1027,2256,1229
2006-10-27,2131,1142,-989
2006-10-30,1517,1760,243
2006-10-31,1590,1668,78
2006-11-01,2139,1133,-1006
2006-11-02,1789,1443,-346
2006-11-03,1754,1510,-244
2006-11-06,802,2478,1676
2006-11-07,1412,1833,421
2006-11-08,1196,2055,859
2006-11-09,1884,1339,-545
2006-11-10,1089,2157,1068
2006-11-13,1495,1795,300
2006-11-14,854,2424,1570
2006-11-15,1231,2018,787
2006-11-16,1509,1746,237
2006-11-17,1707,1532,-175
2006-11-20,1600,1679,79
2006-11-21,1278,2008,730
2006-11-22,1270,1978,708
2006-11-23,1270,1978,708
2006-11-24,1396,1664,268
2006-11-27,2694,616,-2078
2006-11-28,1167,2109,942
2006-11-29,673,2632,1959
2006-11-30,1175,2112,937
2006-12-01,1762,1525,-237
2006-12-04,774,2532,1758
2006-12-05,1202,2045,843
2006-12-06,1808,1485,-323
2006-12-07,1918,1345,-573
2006-12-08,1648,1596,-52
2006-12-11,1326,1954,628
2006-12-12,1848,1444,-404
2006-12-13,1575,1725,150
2006-12-14,1200,2100,900
2006-12-15,1732,1521,-211
2006-12-18,2145,1144,-1001
2006-12-19,1498,1782,284
2006-12-20,1433,1843,410
2006-12-21,1920,1381,-539
2006-12-22,1943,1252,-691
2006-12-25,1933,1259,-674
2006-12-26,1045,2302,1257
2006-12-27,726,2583,1857
2006-12-28,1826,1426,-400
2006-12-29,4465,1268,-3197
2007-01-01,2013,1265,-748
2007-01-02,2013,1265,-748
2007-01-03,1709,1845,136
2007-01-04,1676,1634,-42
2007-01-05,2452,823,-1629
2007-01-08,1327,1930,603
2007-01-09,1419,1843,424
2007-01-10,1617,1653,36
2007-01-11,989,2285,1296
2007-01-12,1095,2152,1057
2007-01-15,1094,2145,1051
2007-01-16,1654,1659,5
2007-01-17,1533,1740,207
2007-01-18,1992,1285,-707
2007-01-19,992,2284,1292
2007-01-22,2071,1197,-874
2007-01-23,1121,2143,1022
2007-01-24,1006,2281,1275
2007-01-25,2541,782,-1759
2007-01-26,1371,1893,522
2007-01-29,1483,1804,321
2007-01-30,964,2321,1357
2007-01-31,1072,2216,1144
2007-02-01,869,2424,1555
2007-02-02,1360,1876,516
2007-02-05,1771,1499,-272
2007-02-06,1188,2084,896
2007-02-07,1348,1889,541
2007-02-08,1687,1557,-130
2007-02-09,2277,994,-1283
2007-02-12,1990,1279,-711
2007-02-13,903,2381,1478
2007-02-14,1084,2202,1118
2007-02-15,1338,1913,575
2007-02-16,1629,1639,10
2007-02-19,1618,1634,16
2007-02-20,1263,2028,765
2007-02-21,1755,1501,-254
2007-02-22,1991,1236,-755
2007-02-23,1685,1580,-105
2007-02-26,1629,1635,6
2007-02-27,2921,458,-2463
2007-02-28,1213,2091,878
2007-03-01,1967,1292,-675
2007-03-02,2510,812,-1698
2007-03-05,2783,591,-2192
2007-03-06,567,2785,2218
2007-03-07,1609,1645,36
2007-03-08,810,2470,1660
2007-03-09,1305,1922,617
2007-03-12,1143,2137,994
2007-03-13,2768,574,-2194
2007-03-14,1292,1988,696
2007-03-15,937,2325,1388
2007-03-16,2009,1234,-775
2007-03-19,792,2473,1681
2007-03-20,943,2328,1385
2007-03-21,580,2749,2169
2007-03-22,1591,1665,74
2007-03-23,1370,1845,475
2007-03-26,1658,1588,-70
2007-03-27,2254,1002,-1252
2007-03-28,2123,1142,-981
2007-03-29,1215,2053,838
2007-03-30,1449,1804,355
2007-04-02,1213,2052,839
2007-04-03,868,2408,1540
2007-04-04,1462,1778,316
2007-04-05,1235,1975,740
2007-04-06,1237,1949,712
2007-04-09,1659,1602,-57
2007-04-10,1244,2020,776
2007-04-11,2203,1054,-1149
2007-04-12,1099,2171,1072
2007-04-13,1288,1954,666
2007-04-16,893,2376,1483
2007-04-17,1681,1590,-91
2007-04-18,1814,1413,-401
2007-04-19,2056,1157,-899
2007-04-20,715,2533,1818
2007-04-23,1683,1566,-117
2007-04-24,1812,1438,-374
2007-04-25,952,2301,1349
2007-04-26,1729,1498,-231
2007-04-27,1826,1393,-433
2007-04-30,2374,898,-1476
2007-05-01,1472,1751,279
2007-05-02,830,2450,1620
2007-05-03,1367,1859,492
2007-05-04,1298,1904,606
2007-05-07,1453,1784,331
2007-05-08,1909,1308,-601
2007-05-09,1175,2040,865
2007-05-10,2537,735,-1802
2007-05-11,748,2525,1777
2007-05-14,2101,1153,-948
2007-05-15,1994,1214,-780
2007-05-16,1212,2042,830
2007-05-17,1989,1267,-722
2007-05-18,1219,2024,805
2007-05-21,1319,1967,648
2007-05-22,1497,1760,263
2007-05-23,1910,1347,-563
2007-05-24,2658,613,-2045
2007-05-25,982,2263,1281
2007-05-28,988,2243,1255
2007-05-29,1190,2069,879
2007-05-30,1008,2281,1273
2007-05-31,1330,1895,565
2007-06-01,1076,2182,1106
2007-06-04,1365,1899,534
2007-06-05,2424,835,-1589
2007-06-06,2624,627,-1997
2007-06-07,3093,278,-2815
2007-06-08,989,2284,1295
2007-06-11,1634,1642,8
2007-06-12,2848,459,-2389
2007-06-13,611,2681,2070
2007-06-14,1143,2142,999
2007-06-15,709,2578,1869
2007-06-18,1718,1562,-156
2007-06-19,1341,1911,570
2007-06-20,2541,723,-1818
2007-06-21,1480,1783,303
2007-06-22,2465,868,-1597
2007-06-25,2263,1021,-1242
2007-06-26,2059,1183,-876
2007-06-27,823,2458,1635
2007-06-28,1378,1865,487
2007-06-29,1581,1710,129
2007-07-02,657,2605,1948
2007-07-03,1193,1977,784
2007-07-04,1186,1971,785
2007-07-05,1769,1477,-292
2007-07-06,1286,1955,669
2007-07-09,1524,1720,196
2007-07-10,2517,761,-1756
2007-07-11,1513,1745,232
2007-07-12,882,2430,1548
2007-07-13,1543,1684,141
2007-07-16,2195,1040,-1155
2007-07-17,1874,1354,-520
2007-07-18,2063,1172,-891
2007-07-19,1213,2014,801
2007-07-20,2525,755,-1770
2007-07-23,1689,1568,-121
2007-07-24,3008,350,-2658
2007-07-25,1935,1329,-606
2007-07-26,3066,317,-2749
2007-07-27,2296,1044,-1252
2007-07-30,1225,2125,900
2007-07-31,1938,1410,-528
2007-08-01,1911,1421,-490
2007-08-02,1130,2149,1019
2007-08-03,2806,547,-2259
2007-08-06,1564,1805,241
2007-08-07,1416,1905,489
2007-08-08,965,2405,1440
2007-08-09,2624,721,-1903
2007-08-10,2043,1280,-763
2007-08-13,1690,1615,-75
2007-08-14,2920,438,-2482
2007-08-15,2819,551,-2268
2007-08-16,2103,1310,-793
2007-08-17,431,2976,2545
2007-08-20,1315,1984,669
2007-08-21,1304,2006,702
2007-08-22,658,2668,2010
2007-08-23,1635,1645,10
2007-08-24,735,2562,1827
2007-08-27,2339,958,-1381
2007-08-28,2861,439,-2422
2007-08-29,465,2830,2365
2007-08-30,1936,1307,-629
2007-08-31,470,2824,2354
2007-09-04,997,2307,1310
2007-09-05,2372,925,-1447
2007-09-06,1224,2043,819
2007-09-07,2535,749,-1786
2007-09-10,2006,1273,-733
2007-09-11,890,2374,1484
2007-09-12,1845,1443,-402
2007-09-13,1359,1897,538
2007-09-14,1462,1786,324
2007-09-17,2239,1041,-1198
2007-09-18,332,3043,2711
2007-09-19,1154,2154,1000
2007-09-20,2322,980,-1342
2007-09-21,1222,2029,807
2007-09-24,1996,1272,-724
2007-09-25,1923,1325,-598
2007-09-26,1149,2130,981
2007-09-27,1081,2180,1099
2007-09-28,1809,1463,-346
2007-10-01,798,2481,1683
2007-10-02,1361,1889,528
2007-10-03,2034,1222,-812
2007-10-04,1232,2002,770
2007-10-05,802,2466,1664
2007-10-08,2137,1118,-1019
2007-10-09,1000,2296,1296
2007-10-10,1726,1565,-161
2007-10-11,2033,1260,-773
2007-10-12,1236,1999,763
2007-10-15,2371,900,-1471
2007-10-16,2344,912,-1432
2007-10-17,1576,1683,107
2007-10-18,1643,1600,-43
2007-10-19,2778,525,-2253
2007-10-22,1467,1795,328
2007-10-23,1062,2235,1173
2007-10-24,2069,1220,-849
2007-10-25,1679,1607,-72
2007-10-26,848,2421,1573
2007-10-29,1364,1904,540
2007-10-30,2039,1232,-807
2007-10-31,871,2422,1551
2007-11-01,2848,460,-2388
2007-11-02,1732,1530,-202
2007-11-05,2505,779,-1726
2007-11-06,1172,2120,948
2007-11-07,3013,301,-2712
2007-11-08,1714,1596,-118
2007-11-09,2403,901,-1502
2007-11-12,2186,1057,-1129
2007-11-13,595,2726,2131
2007-11-14,2044,1280,-764
2007-11-15,2554,717,-1837
2007-11-16,1814,1492,-322
2007-11-19,2741,563,-2178
2007-11-20,1688,1659,-29
2007-11-21,2411,896,-1515
2007-11-23,555,2678,2123
2007-11-26,2518,793,-1725
2007-11-27,1089,2250,1161
2007-11-28,439,2900,2461
2007-11-29,1807,1502,-305
2007-11-30,985,2333,1348
2007-12-03,1970,1362,-608
2007-12-04,2140,1175,-965
2007-12-05,850,2489,1639
2007-12-06,678,2571,1893
2007-12-07,1606,1655,49
2007-12-10,1168,2080,912
2007-12-11,2759,534,-2225
2007-12-12,1469,1793,324
2007-12-13,2155,1097,-1058
2007-12-14,2525,716,-1809
2007-12-17,2676,594,-2082
2007-12-18,1225,1984,759
2007-12-19,1839,1430,-409
2007-12-20,1453,1821,368
2007-12-21,838,2471,1633
2007-12-24,747,2487,1740
2007-12-25,762,2550,1788
2007-12-26,1619,1631,12
2007-12-27,2530,749,-1781
2007-12-28,1590,1675,85
2007-12-31,1732,1529,-203
2008-01-01,1793,1557,-236
2008-01-02,1887,1367,-520
2008-01-03,1535,1740,205
2008-01-04,2539,745,-1794
2008-01-07,1427,1830,403
2008-01-08,2147,1109,-1038
2008-01-09,1411,1844,433
2008-01-10,1021,2125,1104
2008-01-11,2101,1178,-923
2008-01-14,1042,2205,1163
2008-01-15,2429,824,-1605
2008-01-16,1632,1636,4
2008-01-17,2794,478,-2316
2008-01-18,2098,1185,-913
2008-01-22,1824,1361,-463
2008-01-23,894,2402,1508
2008-01-24,1199,2082,883
2008-01-25,1803,1362,-441
2008-01-28,727,2561,1834
2008-01-29,1048,2172,1124
2008-01-30,1865,1382,-483
2008-01-31,806,2472,1666
2008-02-01,653,2616,1963
2008-02-04,1925,1320,-605
2008-02-05,2640,628,-2012
2008-02-06,2025,1187,-838
2008-02-07,1175,2049,874
2008-02-08,1919,1297,-622
2008-02-11,1518,1710,192
2008-02-12,1206,2048,842
2008-02-13,1101,2153,1052
2008-02-14,2530,717,-1813
2008-02-15,1783,1412,-371
2008-02-18,1823,1459,-364
2008-02-19,1412,1832,420
2008-02-20,1212,2007,795
2008-02-21,2369,861,-1508
2008-02-22,1296,1906,610
2008-02-25,752,2424,1672
2008-02-26,987,2247,1260
2008-02-27,1755,1459,-296
2008-02-28,2220,999,-1221
2008-02-29,2724,441,-2283
2008-03-03,1759,1489,-270
2008-03-04,2124,1044,-1080
2008-03-05,1288,1943,655
2008-03-06,2835,356,-2479
2008-03-07,2071,1161,-910
2008-03-10,2677,532,-2145
2008-03-11,534,2676,2142
2008-03-12,2000,1195,-805
2008-03-13,1338,1808,470
2008-03-14,2656,530,-2126
2008-03-17,2752,568,-2184
2008-03-18,343,2882,2539
2008-03-19,2254,941,-1313
2008-03-20,852,2350,1498
2008-03-24,628,2604,1976
2008-03-25,1111,2066,955
2008-03-26,1828,1312,-516
2008-03-27,1992,1184,-808
2008-03-28,2088,1053,-1035
2008-03-31,1212,1960,748
2008-04-01,518,2691,2173
2008-04-02,1296,1859,563
2008-04-03,1299,1848,549
2008-04-04,1461,1796,335
2008-04-07,1412,1750,338
2008-04-08,1816,1325,-491
2008-04-09,2236,913,-1323
2008-04-10,1166,1949,783
2008-04-11,2481,674,-1807
2008-04-14,1879,1261,-618
2008-04-15,1273,1877,604
2008-04-16,537,2642,2105
2008-04-17,1683,1659,-24
2008-04-18,694,2451,1757
2008-04-21,1870,1469,-401
2008-04-22,2269,894,-1375
2008-04-23,1481,1648,167
2008-04-24,1168,1997,829
2008-04-25,1177,1961,784
2008-04-28,1379,1951,572
2008-04-29,1828,1308,-520
2008-04-30,1499,1641,142
2008-05-01,947,2237,1290
2008-05-02,1343,1776,433
2008-05-05,1877,1442,-435
2008-05-06,1177,1963,786
2008-05-07,2263,896,-1367
2008-05-08,1376,1946,570
2008-05-09,1687,1420,-267
2008-05-12,914,2245,1331
2008-05-13,1574,1748,174
2008-05-14,1274,1861,587
2008-05-15,924,2205,1281
2008-05-16,1517,1810,293
2008-05-19,1669,1487,-182
2008-05-20,2052,1119,-933
2008-05-21,2218,937,-1281
2008-05-22,1405,1746,341
2008-05-23,2280,861,-1419
2008-05-27,1276,2082,806
2008-05-28,1364,1788,424
2008-05-29,1214,1933,719
2008-05-30,1462,1876,414
2008-06-02,2168,985,-1183
2008-06-03,1886,1263,-623
2008-06-04,1705,1430,-275
2008-06-05,650,2496,1846
2008-06-06,2738,616,-2122
2008-06-09,2009,1131,-878
2008-06-10,2094,1094,-1000
2008-06-11,2602,599,-2003
2008-06-12,1528,1636,108
2008-06-13,855,2300,1445
2008-06-16,1237,1900,663
2008-06-17,1881,1276,-605
2008-06-18,2237,884,-1353
2008-06-19,1574,1572,-2
2008-06-20,2608,578,-2030
2008-06-23,2139,1086,-1053
2008-06-24,2189,999,-1190
2008-06-25,951,2220,1269
2008-06-26,2895,525,-2370
2008-06-27,1994,1187,-807
2008-06-30,1898,1269,-629
2008-07-01,1867,1321,-546
2008-07-02,2511,917,-1594
2008-07-03,2172,1139,-1033
2008-07-04,2172,1139,-1033
2008-07-07,2236,957,-1279
2008-07-08,1129,2288,1159
2008-07-09,2141,1074,-1067
2008-07-10,1530,1659,129
2008-07-11,2298,1133,-1165
2008-07-14,2433,818,-1615
2008-07-15,2574,898,-1676
2008-07-16,783,2452,1669
2008-07-17,929,2509,1580
2008-07-18,1473,1709,236
2008-07-21,1143,2052,909
2008-07-22,932,2260,1328
2008-07-23,1278,2118,840
2008-07-24,2758,647,-2111
2008-07-25,1379,1788,409
2008-07-28,2312,867,-1445
2008-07-29,789,2610,1821
2008-07-30,1065,2112,1047
2008-07-31,1960,1206,-754
2008-08-01,1579,1582,3
2008-08-04,2092,1053,-1039
2008-08-05,862,2526,1664
2008-08-06,1455,1713,258
2008-08-07,2417,761,-1656
2008-08-08,793,2394,1601
2008-08-11,1190,1973,783
2008-08-12,2106,1064,-1042
2008-08-13,1804,1379,-425
2008-08-14,1137,2002,865
2008-08-15,1473,1670,197
2008-08-18,2266,881,-1385
2008-08-19,2275,854,-1421
2008-08-20,1482,1674,192
2008-08-21,1861,1511,-350
2008-08-22,874,2237,1363
2008-08-25,2457,719,-1738
2008-08-26,1145,1961,816
2008-08-27,730,2383,1653
2008-08-28,644,2517,1873
2008-08-29,1966,1164,-802
2008-09-02,1453,1720,267
2008-09-03,1517,1640,123
2008-09-04,2640,529,-2111
2008-09-05,1534,1610,76
2008-09-08,1094,2021,927
2008-09-09,2827,394,-2433
2008-09-10,1454,1725,271
2008-09-11,1781,1433,-348
2008-09-12,1422,1788,366
2008-09-15,3096,174,-2922
2008-09-16,1776,1474,-302
2008-09-17,3060,222,-2838
2008-09-18,826,2436,1610
2008-09-19,409,2856,2447
2008-09-22,2647,590,-2057
2008-09-23,2309,921,-1388
2008-09-24,1888,1301,-587
2008-09-25,924,2289,1365
2008-09-26,2148,1065,-1083
2008-09-29,3113,160,-2953
2008-09-30,705,2790,2085
2008-10-01,1592,1564,-28
2008-10-02,2929,547,-2382
2008-10-03,2250,1201,-1049
2008-10-06,3016,265,-2751
2008-10-07,2877,395,-2482
2008-10-08,2516,751,-1765
2008-10-09,2951,244,-2707
2008-10-10,2130,1146,-984
2008-10-13,158,3029,2871
2008-10-14,1498,1770,272
2008-10-15,2916,340,-2576
2008-10-16,980,2248,1268
2008-10-17,1422,1772,350
2008-10-20,572,2909,2337
2008-10-21,2252,945,-1307
2008-10-22,2712,501,-2211
2008-10-23,1989,1199,-790
2008-10-24,2622,591,-2031
2008-10-27,2727,730,-1997
2008-10-28,680,2541,1861
2008-10-29,1177,2008,831
2008-10-30,652,2727,2075
2008-10-31,938,2512,1574
2008-11-03,1402,1778,376
2008-11-04,732,2778,2046
2008-11-05,2554,621,-1933
2008-11-06,2651,549,-2102
2008-11-07,981,2167,1186
2008-11-10,2163,1010,-1153
2008-11-11,2889,674,-2215
2008-11-12,3250,323,-2927
2008-11-13,820,2379,1559
2008-11-14,2780,773,-2007
2008-11-17,2769,899,-1870
2008-11-18,2004,1158,-846
2008-11-19,3005,199,-2806
2008-11-20,3008,225,-2783
2008-11-21,1160,2051,891
2008-11-24,359,2831,2472
2008-11-25,1050,2146,1096
2008-11-26,581,3100,2519
2008-11-27,581,3100,2519
2008-11-28,1149,2284,1135
2008-12-01,3342,508,-2834
2008-12-02,990,2842,1852
2008-12-03,1297,2548,1251
2008-12-04,2775,1059,-1716
2008-12-05,1204,2619,1415
2008-12-08,825,3061,2236
2008-12-09,2581,1266,-1315
2008-12-10,958,2201,1243
2008-12-11,2834,998,-1836
2008-12-12,1206,1923,717
2008-12-15,2328,832,-1496
2008-12-16,604,3274,2670
2008-12-17,1273,1821,548
2008-12-18,2268,1573,-695
2008-12-19,1172,1960,788
2008-12-22,2183,976,-1207
2008-12-23,1884,1233,-651
2008-12-24,1489,2150,661
2008-12-25,1489,2150,661
2008-12-26,979,2740,1761
2008-12-29,1991,1157,-834
2008-12-30,581,2596,2015
2008-12-31,505,2661,2156
2009-01-02,547,2604,2057
2009-01-05,1056,2099,1043
2009-01-06,869,2961,2092
2009-01-07,2997,813,-2184
2009-01-08,1178,1944,766
2009-01-09,2200,943,-1257
2009-01-12,2880,899,-1981
2009-01-13,1462,1659,197
2009-01-14,3330,486,-2844
2009-01-15,1440,1670,230
2009-01-16,1065,2029,964
2009-01-20,2822,310,-2512
2009-01-21,850,2901,2051
2009-01-22,2798,889,-1909
2009-01-23,1737,2046,309
2009-01-26,1104,1998,894
2009-01-27,950,2078,1128
2009-01-28,563,3247,2684
2009-01-29,3046,708,-2338
2009-01-30,2722,986,-1736
2009-02-02,1694,1383,-311
2009-02-03,1205,1843,638
2009-02-04,1723,1327,-396
2009-02-05,1088,1947,859
2009-02-06,550,2558,2008
2009-02-09,1397,1681,284
2009-02-10,2660,463,-2197
2009-02-11,1257,1813,556
2009-02-12,1625,1422,-203
2009-02-13,1877,1182,-695
2009-02-17,3453,357,-3096
2009-02-18,2216,897,-1319
2009-02-19,2630,1132,-1498
2009-02-20,2376,770,-1606
2009-02-23,3265,589,-2676
2009-02-24,450,2703,2253
2009-02-25,1908,1208,-700
2009-02-26,1685,1427,-258
2009-02-27,2065,1024,-1041
2009-03-02,2953,203,-2750
2009-03-03,2122,1015,-1107
2009-03-04,644,2486,1842
2009-03-05,2883,237,-2646
2009-03-06,1953,1133,-820
2009-03-09,2231,892,-1339
2009-03-10,230,2933,2703
2009-03-11,1276,1835,559
2009-03-12,284,2864,2580
2009-03-13,1118,1976,858
2009-03-16,1338,1767,429
2009-03-17,889,2877,1988
2009-03-18,601,2510,1909
2009-03-19,1572,1536,-36
2009-03-20,2328,756,-1572
2009-03-23,282,2871,2589
2009-03-24,2520,1255,-1265
2009-03-25,962,2118,1156
2009-03-26,625,2475,1850
2009-03-27,2819,919,-1900
2009-03-30,3276,513,-2763
2009-03-31,912,2819,1907
2009-04-01,943,2787,1844
2009-04-02,410,2728,2318
2009-04-03,1212,2517,1305
2009-04-06,2117,939,-1178
2009-04-07,2839,802,-2037
2009-04-08,792,2272,1480
2009-04-09,393,2744,2351
2009-04-13,1469,2249,780
2009-04-14,2132,957,-1175
2009-04-15,896,2168,1272
2009-04-16,847,2914,2067
2009-04-17,1027,2046,1019
2009-04-20,2823,308,-2515
2009-04-21,662,2420,1758
2009-04-22,1416,1642,226
2009-04-23,1202,1866,664
2009-04-24,727,2338,1611
2009-04-27,2541,1186,-1355
2009-04-28,1427,1602,175
2009-04-29,493,2597,2104
2009-04-30,1373,1672,299
2009-05-01,1138,1926,788
2009-05-04,472,2636,2164
2009-05-05,1673,1393,-280
2009-05-06,920,2181,1261
2009-05-07,2020,1085,-935
2009-05-08,445,2673,2228
2009-05-11,2651,1077,-1574
2009-05-12,1771,1301,-470
2009-05-13,2768,357,-2411
2009-05-14,1048,2653,1605
2009-05-15,2373,1320,-1053
2009-05-18,546,3254,2708
2009-05-19,1219,1855,636
2009-05-20,1479,1602,123
2009-05-21,2717,979,-1738
2009-05-22,1456,1569,113
2009-05-26,737,3014,2277
2009-05-27,2568,1180,-1388
2009-05-28,1268,2473,1205
2009-05-29,960,2767,1807
2009-06-01,578,2535,1957
2009-06-02,1246,1824,578
2009-06-03,2716,1003,-1713
2009-06-04,876,2821,1945
2009-06-05,1553,1499,-54
2009-06-08,1919,1122,-797
2009-06-09,1200,1839,639
2009-06-10,1656,1390,-266
2009-06-11,1190,1894,704
2009-06-12,1628,1414,-214
2009-06-15,3134,606,-2528
2009-06-16,2654,1063,-1591
2009-06-17,1770,1283,-487
2009-06-18,1266,1786,520
2009-06-19,1138,1882,744
2009-06-22,3247,522,-2725
2009-06-23,1603,1439,-164
2009-06-24,849,2213,1364
2009-06-25,748,2983,2235
2009-06-26,1217,1830,613
2009-06-29,1188,1876,688
2009-06-30,1697,1313,-384
2009-07-01,799,2238,1439
2009-07-02,2448,585,-1863
2009-07-06,1829,1230,-599
2009-07-07,2384,673,-1711
2009-07-08,1972,1025,-947
2009-07-09,1186,1860,674
2009-07-10,1547,1453,-94
2009-07-13,684,3026,2342
2009-07-14,916,2139,1223
2009-07-15,306,2802,2496
2009-07-16,902,2133,1231
2009-07-17,1515,1507,-8
2009-07-20,724,2362,1638
2009-07-21,1432,1625,193
2009-07-22,1304,1735,431
2009-07-23,510,2592,2082
2009-07-24,1134,1915,781
2009-07-27,1082,1932,850
2009-07-28,1566,1437,-129
2009-07-29,1843,1224,-619
2009-07-30,635,2432,1797
2009-07-31,1148,1886,738
2009-08-03,526,2540,2014
2009-08-04,1523,2207,684
2009-08-05,1638,1410,-228
2009-08-06,1896,1152,-744
2009-08-07,961,2798,1837
2009-08-10,1595,1444,-151
2009-08-11,2725,1005,-1720
2009-08-12,987,2767,1780
2009-08-13,1243,2497,1254
2009-08-14,2171,871,-1300
2009-08-17,2728,343,-2385
2009-08-18,614,2418,1804
2009-08-19,1167,1848,681
2009-08-20,821,2225,1404
2009-08-21,585,2467,1882
2009-08-24,1476,1569,93
2009-08-25,1187,1830,643
2009-08-26,1581,1431,-150
2009-08-27,1390,1614,224
2009-08-28,1501,1511,10
2009-08-31,2227,800,-1427
2009-09-01,2537,515,-2022
2009-09-02,1845,1162,-683
2009-09-03,692,2328,1636
2009-09-04,586,2446,1860
2009-09-08,749,2288,1539
2009-09-09,851,2180,1329
2009-09-10,726,2312,1586
2009-09-11,1352,1685,333
2009-09-14,982,2007,1025
2009-09-15,898,2155,1257
2009-09-16,528,2545,2017
2009-09-17,1722,1337,-385
2009-09-18,1274,1758,484
2009-09-21,2014,1014,-1000
2009-09-22,886,2163,1277
2009-09-23,1968,1072,-896
2009-09-24,2329,716,-1613
2009-09-25,1634,1359,-275
2009-09-28,631,2423,1792
2009-09-29,1573,1450,-123
2009-09-30,1767,1268,-499
2009-10-01,2548,501,-2047
2009-10-02,2022,997,-1025
2009-10-05,522,2533,2011
2009-10-06,639,2421,1782
2009-10-07,1407,1576,169
2009-10-08,826,2198,1372
2009-10-09,1188,1819,631
2009-10-12,1361,1644,283
2009-10-13,1723,1290,-433
2009-10-14,766,2279,1513
2009-10-15,1509,1508,-1
2009-10-16,1972,1041,-931
2009-10-19,794,2245,1451
2009-10-20,2021,1039,-982
2009-10-21,2028,997,-1031
2009-10-22,999,2044,1045
2009-10-23,2305,737,-1568
2009-10-24,2819,936,-1883
2009-10-26,2324,714,-1610
2009-10-27,1983,1064,-919
2009-10-28,2785,318,-2467
2009-10-29,565,2504,1939
2009-10-30,2660,406,-2254
2009-11-02,1417,1629,212
2009-11-03,1188,1850,662
2009-11-04,1410,1629,219
2009-11-05,542,2496,1954
2009-11-06,1459,1532,73
2009-11-09,496,2548,2052
2009-11-10,1774,1276,-498
2009-11-11,1144,1885,741
2009-11-12,2431,616,-1815
2009-11-13,813,2206,1393
2009-11-16,577,2486,1909
2009-11-17,1660,1367,-293
2009-11-18,1653,1395,-258
2009-11-19,2498,574,-1924
2009-11-20,1741,1279,-462
2009-11-23,666,2356,1690
2009-11-24,1647,1381,-266
2009-11-25,970,2053,1083
2009-11-27,2547,441,-2106
2009-11-30,1274,1744,470
2009-12-01,617,2442,1825
2009-12-02,1042,1976,934
2009-12-03,1961,1070,-891
2009-12-04,868,2169,1301
2009-12-07,1387,1661,274
2009-12-08,2076,931,-1145
2009-12-09,1351,1664,313
2009-12-10,1204,1834,630
2009-12-11,1037,2023,986
2009-12-14,790,2256,1466
2009-12-15,1847,1208,-639
2009-12-16,1076,1980,904
2009-12-17,2213,852,-1361
2009-12-18,1241,1800,559
2009-12-21,852,2199,1347
2009-12-22,1130,1906,776
2009-12-23,865,2177,1312
2009-12-24,759,2204,1445
2009-12-28,1485,1547,62
2009-12-29,1544,1484,-60
2009-12-30,1644,1380,-264
2009-12-31,2021,1007,-1014
2010-01-04,601,2471,1870
2010-01-05,1210,1857,647
2010-01-06,1219,1825,606
2010-01-07,1186,1882,696
2010-01-08,1183,1858,675
2010-01-11,1261,1786,525
2010-01-12,2203,861,-1342
2010-01-13,824,2234,1410
2010-01-14,1300,1723,423
2010-01-15,2134,936,-1198
2010-01-19,700,2382,1682
2010-01-20,2257,800,-1457
2010-01-21,2428,641,-1787
2010-01-22,2530,559,-1971
2010-01-25,1299,1763,464
2010-01-26,1965,1103,-862
2010-01-27,1553,1523,-30
2010-01-28,2257,830,-1427
2010-01-29,2093,971,-1122
2010-02-01,644,2429,1785
2010-02-02,728,2356,1628
2010-02-03,1881,1181,-700
2010-02-04,2858,277,-2581
2010-02-05,1752,1327,-425
2010-02-08,1972,1095,-877
2010-02-09,689,2400,1711
2010-02-10,1521,1520,-1
2010-02-11,718,2361,1643
2010-02-12,1415,1618,203
2010-02-15,1394,1613,219
2010-02-16,526,2548,2022
2010-02-17,991,2067,1076
2010-02-18,956,2117,1161
2010-02-19,1245,1812,567
2010-02-22,1544,1531,-13
2010-02-23,2143,947,-1196
2010-02-24,840,2224,1384
2010-02-25,1524,1515,-9
2010-02-26,1238,1820,582
2010-03-01,665,2429,1764
2010-03-02,925,2142,1217
2010-03-03,1398,1658,260
2010-03-04,1264,1800,536
2010-03-05,488,2597,2109
2010-03-08,1298,1786,488
2010-03-09,1328,1750,422
2010-03-10,1006,2058,1052
2010-03-11,1227,1816,589
2010-03-12,1384,1689,305
2010-03-15,1767,1277,-490
2010-03-16,814,2231,1417
2010-03-17,908,2172,1264
2010-03-18,1780,1281,-499
2010-03-19,2182,905,-1277
2010-03-22,1036,2019,983
2010-03-23,835,2223,1388
2010-03-24,2018,1043,-975
2010-03-25,1828,1266,-562
2010-03-26,1499,1557,58
2010-03-29,955,2121,1166
2010-03-30,1492,1559,67
2010-03-31,1844,1232,-612
2010-04-01,790,2286,1496
2010-04-05,779,2323,1544
2010-04-06,1317,1748,431
2010-04-07,1974,1102,-872
2010-04-08,1463,1588,125
2010-04-09,991,2079,1088
2010-04-12,1325,1751,426
2010-04-13,1501,1588,87
2010-04-14,716,2381,1665
2010-04-15,1582,1474,-108
2010-04-16,2489,578,-1911
2010-04-19,1735,1338,-397
2010-04-20,575,2509,1934
2010-04-21,1334,1759,425
2010-04-22,1065,2027,962
2010-04-23,886,2171,1285
2010-04-26,1624,1429,-195
2010-04-27,2624,507,-2117
2010-04-28,1236,1800,564
2010-04-29,766,2332,1566
2010-04-30,2343,792,-1551
2010-05-03,731,2385,1654
2010-05-04,2686,449,-2237
2010-05-05,2499,628,-1871
2010-05-06,3022,178,-2844
2010-05-07,2254,899,-1355
2010-05-10,173,3008,2835
2010-05-11,1397,1723,326
2010-05-12,456,2677,2221
2010-05-13,2010,1099,-911
2010-05-14,2749,391,-2358
2010-05-17,1860,1261,-599
2010-05-18,2408,704,-1704
2010-05-19,2440,672,-1768
2010-05-20,3011,168,-2843
2010-05-21,745,2370,1625
2010-05-24,1926,1187,-739
2010-05-25,1992,1128,-864
2010-05-26,1202,1930,728
2010-05-27,233,2905,2672
2010-05-28,2079,973,-1106
2010-06-01,2444,656,-1788
2010-06-02,455,2669,2214
2010-06-03,1140,1944,804
2010-06-04,2839,315,-2524
2010-06-07,2267,824,-1443
2010-06-08,1224,1862,638
2010-06-09,1511,1582,71
2010-06-10,405,2720,2315
2010-06-11,822,2255,1433
2010-06-14,1199,1906,707
2010-06-15,468,2633,2165
2010-06-16,1825,1265,-560
2010-06-17,1545,1511,-34
2010-06-18,1365,1703,338
2010-06-21,1817,1283,-534
2010-06-22,2468,644,-1824
2010-06-23,1616,1453,-163
2010-06-24,2391,688,-1703
2010-06-25,830,2263,1433
2010-06-28,1657,1435,-222
2010-06-29,2864,288,-2576
2010-06-30,1954,1125,-829
2010-07-01,1853,1243,-610
2010-07-02,1844,1231,-613
2010-07-06,1567,1502,-65
2010-07-07,447,2673,2226
2010-07-08,715,2367,1652
2010-07-09,644,2399,1755
2010-07-12,1936,1086,-850
2010-07-13,413,2662,2249
2010-07-14,1666,1349,-317
2010-07-15,1546,1475,-71
2010-07-16,2454,620,-1834
2010-07-19,1053,1975,922
2010-07-20,574,2469,1895
2010-07-21,2058,1006,-1052
2010-07-22,414,2683,2269
2010-07-23,599,2457,1858
2010-07-26,602,2472,1870
2010-07-27,1716,1344,-372
2010-07-28,2045,1004,-1041
2010-07-29,1445,1600,155
2010-07-30,1259,1782,523
2010-08-02,484,2621,2137
2010-08-03,1863,1182,-681
2010-08-04,782,2275,1493
2010-08-05,1763,1285,-478
2010-08-06,1642,1397,-245
2010-08-09,859,2207,1348
2010-08-10,2237,828,-1409
2010-08-11,2656,451,-2205
2010-08-12,1745,1305,-440
2010-08-13,1650,1390,-260
2010-08-16,1143,1885,742
2010-08-17,655,2413,1758
2010-08-18,1267,1774,507
2010-08-19,2478,592,-1886
2010-08-20,1734,1233,-501
2010-08-23,1919,1122,-797
2010-08-24,2325,736,-1589
2010-08-25,1175,1846,671
2010-08-26,1960,1065,-895
2010-08-27,408,2627,2219
2010-08-30,2358,688,-1670
2010-08-31,1349,1664,315
2010-09-01,431,2668,2237
2010-09-02,880,2149,1269
2010-09-03,666,2370,1704
2010-09-07,2244,794,-1450
2010-09-08,919,2111,1192
2010-09-09,1153,1892,739
2010-09-10,1063,1941,878
2010-09-13,707,2371,1664
2010-09-14,1631,1371,-260
2010-09-15,1425,1612,187
2010-09-16,1741,1276,-465
2010-09-17,1236,1792,556
2010-09-20,589,2491,1902
2010-09-21,1942,1079,-863
2010-09-22,1911,1141,-770
2010-09-23,2126,930,-1196
2010-09-24,540,2540,2000
2010-09-27,1743,1270,-473
2010-09-28,901,2140,1239
2010-09-29,1352,1670,318
2010-09-30,1489,1530,41
2010-10-01,941,2081,1140
2010-10-04,2218,821,-1397
2010-10-05,579,2479,1900
2010-10-06,1588,1430,-158
2010-10-07,1616,1388,-228
2010-10-08,756,2253,1497
2010-10-11,1369,1646,277
2010-10-12,1320,1695,375
2010-10-13,759,2300,1541
2010-10-14,1829,1201,-628
2010-10-15,1833,1202,-631
2010-10-18,1018,2037,1019
2010-10-19,2511,539,-1972
2010-10-20,745,2313,1568
2010-10-21,1518,1493,-25
2010-10-22,1196,1802,606
2010-10-25,1208,1817,609
2010-10-26,1638,1394,-244
2010-10-27,1959,1035,-924
2010-10-28,1462,1531,69
2010-10-29,1189,1805,616
2010-11-01,1458,1550,92
2010-11-02,801,2237,1436
2010-11-03,1296,1721,425
2010-11-04,493,2569,2076
2010-11-05,1254,1780,526
2010-11-08,1633,1386,-247
2010-11-09,2214,825,-1389
2010-11-10,1159,1879,720
2010-11-11,1941,1058,-883
2010-11-12,2509,521,-1988
2010-11-15,1615,1406,-209
2010-11-16,2666,424,-2242
2010-11-17,1213,1836,623
2010-11-18,595,2471,1876
2010-11-19,1240,1794,554
2010-11-22,1500,1527,27
2010-11-23,2379,681,-1698
2010-11-24,520,2527,2007
2010-11-26,1966,949,-1017
2010-11-29,1747,1275,-472
2010-11-30,1994,1003,-991
2010-12-01,682,2403,1721
2010-12-02,893,2148,1255
2010-12-03,1135,1875,740
2010-12-06,1509,1501,-8
2010-12-07,1516,1522,6
2010-12-08,1860,1178,-682
2010-12-09,1355,1692,337
2010-12-10,1096,1969,873
2010-12-13,1608,1443,-165
2010-12-14,1711,1352,-359
2010-12-15,2004,1040,-964
2010-12-16,981,2088,1107
2010-12-17,1357,1706,349
2010-12-20,1553,1516,-37
2010-12-21,942,2126,1184
2010-12-22,1182,1876,694
2010-12-23,1563,1455,-108
2010-12-27,1340,1679,339
2010-12-28,1571,1460,-111
2010-12-29,1121,1950,829
2010-12-30,1479,1526,47
2010-12-31,1358,1624,266
2011-01-03,791,2277,1486
2011-01-04,1933,1107,-826
2011-01-05,1231,1821,590
2011-01-06,1837,1211,-626
2011-01-07,1706,1334,-372
2011-01-10,1471,1567,96
2011-01-11,1238,1794,556
2011-01-12,876,2187,1311
2011-01-13,1651,1370,-281
2011-01-14,1291,1742,451
2011-01-18,1393,1646,253
2011-01-19,2358,697,-1661
2011-01-20,1892,1141,-751
2011-01-21,1438,1597,159
2011-01-24,904,2143,1239
2011-01-25,1394,1629,235
2011-01-26,928,2119,1191
2011-01-27,1332,1706,374
2011-01-28,2590,498,-2092
2011-01-31,909,2111,1202
2011-02-01,554,2520,1966
2011-02-02,1609,1413,-196
2011-02-03,1391,1627,236
2011-02-04,1536,1481,-55
2011-02-07,956,2093,1137
2011-02-08,1104,1934,830
2011-02-09,1883,1141,-742
2011-02-10,1418,1611,193
2011-02-11,780,2268,1488
2011-02-14,1359,1678,319
2011-02-15,1854,1151,-703
2011-02-16,766,2291,1525
2011-02-17,1150,1907,757
2011-02-18,1277,1752,475
2011-02-22,2751,356,-2395
2011-02-23,1976,1088,-888
2011-02-24,1416,1631,215
2011-02-25,569,2442,1873
2011-02-28,976,2060,1084
2011-03-01,2339,741,-1598
2011-03-02,1106,1920,814
2011-03-03,568,2485,1917
2011-03-04,1961,1064,-897
2011-03-07,2324,734,-1590
2011-03-08,741,2312,1571
2011-03-09,1599,1434,-165
2011-03-10,2557,487,-2070
2011-03-11,1055,1958,903
2011-03-14,2052,973,-1079
2011-03-15,2375,675,-1700
2011-03-16,2355,704,-1651
2011-03-17,819,2232,1413
2011-03-18,835,2158,1323
2011-03-21,563,2467,1904
2011-03-22,1721,1276,-445
2011-03-23,1368,1644,276
2011-03-24,1020,2004,984
2011-03-25,1071,1966,895
2011-03-28,1802,1253,-549
2011-03-29,938,2107,1169
2011-03-30,828,2226,1398
2011-03-31,1261,1768,507
2011-04-01,941,2107,1166
2011-04-04,1332,1590,258
2011-04-05,1355,1655,300
2011-04-06,1288,1736,448
2011-04-07,1901,1137,-764
2011-04-08,1985,1013,-972
2011-04-11,2141,904,-1237
2011-04-12,2244,791,-1453
2011-04-13,1440,1590,150
2011-04-14,1395,1623,228
2011-04-15,968,2075,1107
2011-04-18,2465,599,-1866
2011-04-19,1008,2027,1019
2011-04-20,516,2527,2011
2011-04-21,1034,2000,966
2011-04-25,1658,1397,-261
2011-04-26,852,2222,1370
2011-04-27,1064,1974,910
2011-04-28,1169,1872,703
2011-04-29,1061,1978,917
2011-05-02,1785,1251,-534
2011-05-03,1974,1066,-908
2011-05-04,2113,947,-1166
2011-05-05,1913,1175,-738
2011-05-06,1015,2019,1004
2011-05-09,908,2099,1191
2011-05-10,584,2448,1864
2011-05-11,2232,532,-1700
2011-05-12,1130,1898,768
2011-05-13,2148,856,-1292
2011-05-16,2033,957,-1076
2011-05-17,1778,1276,-502
2011-05-18,658,2351,1693
2011-05-19,1210,1764,554
2011-05-20,1998,1042,-956
2011-05-23,2410,640,-1770
2011-05-24,1641,1395,-246
2011-05-25,1055,2011,956
2011-05-26,879,2180,1301
2011-05-27,797,2227,1430
2011-05-31,734,2348,1614
2011-06-01,2520,554,-1966
2011-06-02,1619,1419,-200
2011-06-03,2178,887,-1291
2011-06-06,2452,612,-1840
2011-06-07,1318,1725,407
2011-06-08,2252,794,-1458
2011-06-09,1109,1940,831
2011-06-10,2463,601,-1862
2011-06-13,1706,1379,-327
2011-06-14,516,2548,2032
2011-06-15,2598,485,-2113
2011-06-16,1682,1377,-305
2011-06-17,1137,1902,765
2011-06-20,982,2066,1084
2011-06-21,464,2614,2150
2011-06-22,1788,1269,-519
2011-06-23,1761,1279,-482
2011-06-24,1941,1089,-852
2011-06-27,969,2089,1120
2011-06-28,605,2457,1852
2011-06-29,921,2092,1171
2011-06-30,813,2249,1436
2011-07-01,544,2518,1974
2011-07-05,1545,1465,-80
2011-07-06,1307,1691,384
2011-07-07,663,2390,1727
2011-07-08,2104,900,-1204
2011-07-11,2602,445,-2157
2011-07-12,1752,1278,-474
2011-07-13,981,2049,1068
2011-07-14,2400,640,-1760
2011-07-15,1178,1831,653
2011-07-18,2604,455,-2149
2011-07-19,632,2416,1784
2011-07-20,1356,1672,316
2011-07-21,612,2437,1825
2011-07-22,1549,1439,-110
2011-07-25,2474,579,-1895
2011-07-26,1964,1035,-929
2011-07-27,2826,260,-2566
2011-07-28,1861,1139,-722
2011-07-29,2034,1014,-1020
2011-08-01,1421,1608,187
2011-08-02,2397,662,-1735
2011-08-03,1267,1740,473
2011-08-04,2968,152,-2816
2011-08-05,2254,797,-1457
2011-08-08,3030,47,-2983
2011-08-09,244,2871,2627
2011-08-10,2273,831,-1442
2011-08-11,239,2836,2597
2011-08-12,1095,1951,856
2011-08-15,276,2838,2562
2011-08-16,2296,771,-1525
2011-08-17,1231,1826,595
2011-08-18,2896,196,-2700
2011-08-19,2304,727,-1577
2011-08-22,1692,1354,-338
2011-08-23,473,2602,2129
2011-08-24,938,2109,1171
2011-08-25,2353,714,-1639
2011-08-26,508,2544,2036
2011-08-29,276,2842,2566
2011-08-30,1099,1910,811
2011-08-31,1069,1994,925
2011-09-01,2238,805,-1433
2011-09-02,2590,445,-2145
2011-09-06,2222,832,-1390
2011-09-07,317,2747,2430
2011-09-08,2361,667,-1694
2011-09-09,2594,462,-2132
2011-09-12,1580,1462,-118
2011-09-13,713,2338,1625
2011-09-14,776,2246,1470
2011-09-15,711,2320,1609
2011-09-16,1486,1535,49
2011-09-19,2333,689,-1644
2011-09-20,1894,1100,-794
2011-09-21,2577,474,-2103
2011-09-22,2739,343,-2396
2011-09-23,1111,1907,796
2011-09-26,830,2213,1383
2011-09-27,547,2492,1945
2011-09-28,2507,506,-2001
2011-09-29,858,2178,1320
2011-09-30,2442,626,-1816
2011-10-03,2806,283,-2523
2011-10-04,1232,1851,619
2011-10-05,814,2224,1410
2011-10-06,471,2598,2127
2011-10-07,2154,878,-1276
2011-10-10,266,2791,2525
2011-10-11,1339,1669,330
2011-10-12,603,2454,1851
2011-10-13,1843,1178,-665
2011-10-14,504,2527,2023
2011-10-17,2467,575,-1892
2011-10-18,490,2537,2047
2011-10-19,2208,834,-1374
2011-10-20,1187,1819,632
2011-10-21,407,2647,2240
2011-10-24,531,2514,1983
2011-10-25,2485,546,-1939
2011-10-26,587,2452,1865
2011-10-27,391,2703,2312
2011-10-28,1363,1513,150
2011-10-31,2477,560,-1917
2011-11-01,2578,447,-2131
2011-11-02,508,2525,2017
2011-11-03,675,2350,1675
2011-11-04,1802,1179,-623
2011-11-07,1341,1616,275
2011-11-08,791,2214,1423
2011-11-09,2755,306,-2449
2011-11-10,920,2111,1191
2011-11-11,434,2602,2168
2011-11-14,2300,737,-1563
2011-11-15,1105,1894,789
2011-11-16,2298,719,-1579
2011-11-17,2441,575,-1866
2011-11-18,1285,1733,448
2011-11-21,2598,464,-2134
2011-11-22,1890,1146,-744
2011-11-23,2684,380,-2304
2011-11-25,1640,1275,-365
2011-11-28,512,2608,2096
2011-11-29,1548,1485,-63
2011-11-30,402,2703,2301
2011-12-01,1842,1193,-649
2011-12-02,1181,1859,678
2011-12-05,683,2377,1694
2011-12-06,1481,1534,53
2011-12-07,1407,1577,170
2011-12-08,2620,416,-2204
2011-12-09,442,2601,2159
2011-12-12,2412,642,-1770
2011-12-13,2145,868,-1277
2011-12-14,2179,870,-1309
2011-12-15,1103,1903,800
2011-12-16,1148,1861,713
2011-12-19,2395,654,-1741
2011-12-20,371,2708,2337
2011-12-21,1171,1864,693
2011-12-22,762,2297,1535
2011-12-23,917,2087,1170
2011-12-27,1462,1538,76
2011-12-28,2416,626,-1790
2011-12-29,651,2378,1727
2011-12-30,1582,1438,-144
2012-01-03,715,2367,1652
2012-01-04,1554,1503,-51
2012-01-05,1198,1816,618
2012-01-06,1620,1397,-223
2012-01-09,1109,1905,796
2012-01-10,703,2327,1624
2012-01-11,1352,1656,304
2012-01-12,1173,1847,674
2012-01-13,1969,1060,-909
2012-01-17,1157,1859,702
2012-01-18,647,2400,1753
2012-01-19,1043,1956,913
2012-01-20,1260,1735,475
2012-01-23,1265,1760,495
2012-01-24,1379,1621,242
2012-01-25,721,2325,1604
2012-01-26,1543,1484,-59
2012-01-27,1058,1944,886
2012-01-30,1903,1101,-802
2012-01-31,1247,1737,490
2012-02-01,535,2524,1989
2012-02-02,1280,1713,433
2012-02-03,654,2374,1720
2012-02-06,1784,1255,-529
2012-02-07,1302,1712,410
2012-02-08,1274,1760,486
2012-02-09,1510,1526,16
2012-02-10,2312,745,-1567
2012-02-13,719,2368,1649
2012-02-14,1908,1098,-810
2012-02-15,1723,1295,-428
2012-02-16,779,2303,1524
2012-02-17,1271,1757,486
2012-02-21,1512,1514,2
2012-02-22,1854,1188,-666
2012-02-23,856,2169,1313
2012-02-24,1379,1645,266
2012-02-27,1500,1508,8
2012-02-28,1455,1567,112
2012-02-29,1996,1039,-957
2012-03-01,989,2037,1048
2012-03-02,2021,999,-1022
2012-03-05,1817,1219,-598
2012-03-06,2799,269,-2530
2012-03-07,645,2386,1741
2012-03-08,616,2421,1805
2012-03-09,902,2095,1193
2012-03-12,1630,1380,-250
2012-03-13,593,2480,1887
2012-03-14,2252,805,-1447
2012-03-15,1227,1808,581
2012-03-16,1657,1377,-280
2012-03-19,1100,1905,805
2012-03-20,2030,992,-1038
2012-03-21,1519,1476,-43
2012-03-22,2231,782,-1449
2012-03-23,879,2124,1245
2012-03-26,732,2321,1589
2012-03-27,1760,1246,-514
2012-03-28,1908,1124,-784
2012-03-29,1822,1183,-639
2012-03-30,1264,1750,486
2012-04-02,763,2277,1514
2012-04-03,1968,1066,-902
2012-04-04,2445,590,-1855
2012-04-05,1701,1290,-411
2012-04-09,2415,635,-1780
2012-04-10,2592,463,-2129
2012-04-11,644,2427,1783
2012-04-12,549,2486,1937
2012-04-13,2320,709,-1611
2012-04-16,1301,1724,423
2012-04-17,695,2346,1651
2012-04-18,2020,993,-1027
2012-04-19,1766,1235,-531
2012-04-20,1033,1991,958
2012-04-23,2223,800,-1423
2012-04-24,1000,2029,1029
2012-04-25,694,2326,1632
2012-04-26,957,2049,1092
2012-04-27,972,2021,1049
2012-04-30,1848,1188,-660
2012-05-01,1085,1960,875
2012-05-02,1696,1321,-375
2012-05-03,2119,902,-1217
2012-05-04,2286,747,-1539
2012-05-07,1379,1626,247
2012-05-08,1825,1182,-643
2012-05-09,2053,968,-1085
2012-05-10,1121,1887,766
2012-05-11,1819,1204,-615
2012-05-14,2599,480,-2119
2012-05-15,1964,1073,-891
2012-05-16,2050,982,-1068
2012-05-17,2664,423,-2241
2012-05-18,2298,761,-1537
2012-05-21,443,2587,2144
2012-05-22,1482,1563,81
2012-05-23,1193,1811,618
2012-05-24,1270,1757,487
2012-05-25,1450,1539,89
2012-05-29,654,2385,1731
2012-05-30,2633,424,-2209
2012-05-31,1567,1465,-102
2012-06-01,2604,446,-2158
2012-06-04,1764,1289,-475
2012-06-05,792,2226,1434
2012-06-06,378,2691,2313
2012-06-07,1657,1386,-271
2012-06-08,897,2113,1216
2012-06-11,2413,631,-1782
2012-06-12,667,2373,1706
2012-06-13,2059,991,-1068
2012-06-14,920,2154,1234
2012-06-15,927,2098,1171
2012-06-18,1255,1764,509
2012-06-19,503,2569,2066
2012-06-20,1504,1516,12
2012-06-21,2482,575,-1907
2012-06-22,930,2060,1130
2012-06-25,2340,698,-1642
2012-06-26,1098,1925,827
2012-06-27,666,2393,1727
2012-06-28,1320,1697,377
2012-06-29,406,2671,2265
2012-07-02,903,2146,1243
2012-07-03,615,2371,1756
2012-07-05,1689,1326,-363
2012-07-06,2032,972,-1060
2012-07-09,1694,1333,-361
2012-07-10,2003,1019,-984
2012-07-11,1430,1603,173
2012-07-12,1898,1118,-780
2012-07-13,520,2542,2022
2012-07-16,1666,1357,-309
2012-07-17,986,2028,1042
2012-07-18,1139,1870,731
2012-07-19,1425,1581,156
2012-07-20,2011,1002,-1009
2012-07-23,2331,719,-1612
2012-07-24,2238,781,-1457
2012-07-25,1409,1611,202
2012-07-26,819,2222,1403
2012-07-27,505,2540,2035
2012-07-30,1535,1480,-55
2012-07-31,1763,1233,-530
2012-08-01,1875,1131,-744
2012-08-02,1890,1140,-750
2012-08-03,534,2494,1960
2012-08-06,1118,1887,769
2012-08-07,1068,1947,879
2012-08-08,1460,1526,66
2012-08-09,1342,1664,322
2012-08-10,1371,1618,247
2012-08-13,1880,1124,-756
2012-08-14,1532,1481,-51
2012-08-15,1108,1894,786
2012-08-16,832,2159,1327
2012-08-17,1136,1827,691
2012-08-20,1669,1335,-334
2012-08-21,1645,1318,-327
2012-08-22,1815,1184,-631
2012-08-23,2061,930,-1131
2012-08-24,1037,1911,874
2012-08-27,1571,1425,-146
2012-08-28,1287,1668,381
2012-08-29,1167,1796,629
2012-08-30,2110,838,-1272
2012-08-31,887,2062,1175
2012-09-04,1213,1785,572
2012-09-05,1535,1394,-141
2012-09-06,635,2395,1760
2012-09-07,947,2012,1065
2012-09-10,1790,1214,-576
2012-09-11,980,2023,1043
2012-09-12,1047,1969,922
2012-09-13,648,2378,1730
2012-09-14,957,2088,1131
2012-09-17,2088,925,-1163
2012-09-18,1682,1324,-358
2012-09-19,1270,1719,449
2012-09-20,1821,1187,-634
2012-09-21,1255,1775,520
2012-09-24,1801,1203,-598
2012-09-25,2228,827,-1401
2012-09-26,1809,1222,-587
2012-09-27,751,2266,1515
2012-09-28,1842,1174,-668
2012-10-01,1165,1883,718
2012-10-02,1389,1583,194
2012-10-03,1500,1489,-11
2012-10-04,817,2186,1369
2012-10-05,1277,1712,435
2012-10-08,1803,1172,-631
2012-10-09,2349,690,-1659
2012-10-10,1871,1145,-726
2012-10-11,1026,1989,963
2012-10-12,1874,1090,-784
2012-10-15,1002,2026,1024
2012-10-16,757,2258,1501
2012-10-17,924,2065,1141
2012-10-18,1529,1482,-47
2012-10-19,2357,681,-1676
2012-10-22,1536,1448,-88
2012-10-23,2209,818,-1391
2012-10-24,1659,1323,-336
2012-10-25,1215,1794,579
2012-10-26,1753,1215,-538
2012-10-31,1283,1747,464
2012-11-01,694,2332,1638
2012-11-02,2097,897,-1200
2012-11-05,1467,1528,61
2012-11-06,877,2136,1259
2012-11-07,2493,574,-1919
2012-11-08,2238,820,-1418
2012-11-09,1554,1470,-84
2012-11-12,1589,1417,-172
2012-11-13,2059,980,-1079
2012-11-14,2764,316,-2448
2012-11-15,2080,994,-1086
2012-11-16,800,2268,1468
2012-11-19,351,2721,2370
2012-11-20,1323,1706,383
2012-11-21,980,2032,1052
2012-11-23,488,2432,1944
2012-11-26,1726,1314,-412
2012-11-27,1682,1349,-333
2012-11-28,922,2083,1161
2012-11-29,859,2154,1295
2012-11-30,1348,1631,283
2012-12-03,1826,1192,-634
2012-12-04,1536,1466,-70
2012-12-05,1434,1579,145
2012-12-06,1416,1601,185
2012-12-07,1359,1643,284
2012-12-10,1341,1678,337
2012-12-11,978,2058,1080
2012-12-12,1579,1465,-114
2012-12-13,2111,914,-1197
2012-12-14,1598,1410,-188
2012-12-17,1007,2045,1038
2012-12-18,816,2257,1441
2012-12-19,1528,1505,-23
2012-12-20,963,2057,1094
2012-12-21,2039,994,-1045
2012-12-24,1786,1192,-594
2012-12-26,1963,1065,-898
2012-12-27,1656,1380,-276
2012-12-28,2084,960,-1124
2012-12-31,447,2621,2174
2013-01-02,291,2815,2524
2013-01-03,1339,1717,378
2013-01-04,714,2324,1610
2013-01-07,1651,1380,-271
2013-01-08,1497,1502,5
2013-01-09,982,2050,1068
2013-01-10,1042,1957,915
2013-01-11,1439,1578,139
2013-01-14,1507,1495,-12
2013-01-15,1291,1733,442
2013-01-16,1630,1376,-254
2013-01-17,714,2298,1584
2013-01-18,1043,1943,900
2013-01-22,930,2097,1167
2013-01-23,1569,1450,-119
2013-01-24,1330,1670,340
2013-01-25,1144,1859,715
2013-01-28,1718,1310,-408
2013-01-29,1260,1764,504
2013-01-30,1996,1013,-983
2013-01-31,1444,1575,131
2013-02-01,704,2338,1634
2013-02-04,2400,657,-1743
2013-02-05,829,2227,1398
2013-02-06,1251,1762,511
2013-02-07,1726,1274,-452
2013-02-08,979,2009,1030
2013-02-11,1669,1334,-335
2013-02-12,1080,1948,868
2013-02-13,1262,1796,534
2013-02-14,1507,1505,-2
2013-02-15,1550,1463,-87
2013-02-19,938,2087,1149
2013-02-20,2349,718,-1631
2013-02-21,2116,937,-1179
2013-02-22,745,2247,1502
2013-02-25,2372,675,-1697
2013-02-26,1003,2000,997
2013-02-27,731,2311,1580
2013-02-28,1475,1541,66
2013-03-01,1315,1685,370
2013-03-04,1341,1685,344
2013-03-05,804,2226,1422
2013-03-06,1347,1677,330
2013-03-07,1290,1748,458
2013-03-08,998,2011,1013
2013-03-11,1397,1626,229
2013-03-12,1793,1258,-535
2013-03-13,1331,1715,384
2013-03-14,1006,2020,1014
2013-03-15,1626,1421,-205
2013-03-18,1858,1198,-660
2013-03-19,1729,1297,-432
2013-03-20,779,2257,1478
2013-03-21,1958,1054,-904
2013-03-22,1095,1877,782
2013-03-25,1785,1237,-548
2013-03-26,938,2085,1147
2013-03-27,1425,1582,157
2013-03-28,1134,1883,749
2013-04-01,2077,948,-1129
2013-04-02,1552,1457,-95
2013-04-03,2397,654,-1743
2013-04-04,1129,1872,743
2013-04-05,1601,1431,-170
2013-04-08,947,2081,1134
2013-04-09,1265,1745,480
2013-04-10,744,2325,1581
2013-04-11,1175,1851,676
2013-04-12,1821,1161,-660
2013-04-15,2702,383,-2319
2013-04-16,566,2495,1929
2013-04-17,2395,674,-1721
2013-04-18,1665,1331,-334
2013-04-19,837,2210,1373
2013-04-22,1271,1747,476
2013-04-23,621,2437,1816
2013-04-24,1058,1952,894
2013-04-25,1083,1949,866
2013-04-26,1776,1227,-549
2013-04-29,807,2230,1423
2013-04-30,1022,1985,963
2013-05-01,2193,866,-1327
2013-05-02,722,2331,1609
2013-05-03,834,2215,1381
2013-05-06,1206,1821,615
2013-05-07,801,2285,1484
2013-05-08,1046,1983,937
2013-05-09,1943,1075,-868
2013-05-10,1124,1903,779
2013-05-13,1863,1190,-673
2013-05-14,1010,2065,1055
2013-05-15,1379,1668,289
2013-05-16,1837,1203,-634
2013-05-17,844,2185,1341
2013-05-20,1305,1736,431
2013-05-21,1388,1633,245
2013-05-22,2362,686,-1676
2013-05-23,1772,1240,-532
2013-05-24,1661,1320,-341
2013-05-28,1278,1814,536
2013-05-29,2465,630,-1835
2013-05-30,1208,1817,609
2013-05-31,2608,475,-2133
2013-06-03,1701,1374,-327
2013-06-04,1921,1115,-806
2013-06-05,2504,582,-1922
2013-06-06,670,2371,1701
2013-06-07,953,2112,1159
2013-06-10,1700,1356,-344
2013-06-11,2685,416,-2269
2013-06-12,2492,604,-1888
2013-06-13,471,2594,2123
2013-06-14,1667,1393,-274
2013-06-17,1016,2058,1042
2013-06-18,986,2076,1090
2013-06-19,2598,466,-2132
2013-06-20,2976,170,-2806
2013-06-21,1543,1537,-6
2013-06-24,2705,404,-2301
2013-06-25,620,2471,1851
2013-06-26,766,2355,1589
2013-06-27,486,2625,2139
2013-06-28,1496,1524,28
2013-07-01,872,2195,1323
2013-07-02,1882,1199,-683
2013-07-03,1829,1167,-662
2013-07-05,1332,1737,405
2013-07-08,1297,1784,487
2013-07-09,802,2256,1454
2013-07-10,1425,1613,188
2013-07-11,413,2701,2288
2013-07-12,1516,1528,12
2013-07-15,1166,1902,736
2013-07-16,1963,1057,-906
2013-07-17,1031,1990,959
2013-07-18,966,2070,1104
2013-07-19,1491,1542,51
2013-07-22,1290,1729,439
2013-07-23,1321,1728,407
2013-07-24,2322,747,-1575
2013-07-25,1319,1721,402
2013-07-26,1594,1434,-160
2013-07-29,2142,920,-1222
2013-07-30,1470,1570,100
2013-07-31,1476,1554,78
2013-08-01,1156,1914,758
2013-08-02,1491,1558,67
2013-08-05,1787,1259,-528
2013-08-06,2303,759,-1544
2013-08-07,2112,934,-1178
2013-08-08,1056,1980,924
2013-08-09,1555,1462,-93
2013-08-12,1417,1636,219
2013-08-13,1823,1247,-576
2013-08-14,2071,991,-1080
2013-08-15,2645,483,-2162
2013-08-16,1990,1075,-915
2013-08-19,2514,591,-1923
2013-08-20,725,2373,1648
2013-08-21,2208,841,-1367
2013-08-22,506,2589,2083
2013-08-23,985,2079,1094
2013-08-26,1771,1261,-510
2013-08-27,2481,605,-1876
2013-08-28,1336,1699,363
2013-08-29,1087,1943,856
2013-08-30,2113,905,-1208
2013-09-03,1401,1676,275
2013-09-04,876,2185,1309
2013-09-05,1620,1443,-177
2013-09-06,1273,1754,481
2013-09-09,615,2461,1846
2013-09-10,1059,2007,948
2013-09-11,1352,1685,333
2013-09-12,2058,995,-1063
2013-09-13,1172,1852,680
2013-09-16,967,2078,1111
2013-09-17,1010,2052,1042
2013-09-18,449,2627,2178
2013-09-19,1774,1276,-498
2013-09-20,2218,879,-1339
2013-09-23,1754,1285,-469
2013-09-24,1357,1683,326
2013-09-25,1513,1533,20
2013-09-26,1102,1907,805
2013-09-27,2015,999,-1016
2013-09-30,1830,1213,-617
2013-10-01,831,2193,1362
2013-10-02,1700,1327,-373
2013-10-03,2409,653,-1756
2013-10-04,1032,2015,983
2013-10-07,2417,667,-1750
2013-10-08,2446,583,-1863
2013-10-09,1573,1461,-112
2013-10-10,450,2647,2197
2013-10-11,812,2268,1456
2013-10-14,1252,1749,497
2013-10-15,2341,714,-1627
2013-10-16,613,2436,1823
2013-10-17,527,2564,2037
2013-10-18,867,2208,1341
2013-10-21,1585,1464,-121
2013-10-22,820,2257,1437
2013-10-23,1676,1378,-298
2013-10-24,1285,1765,480
2013-10-25,1289,1774,485
2013-10-28,1649,1391,-258
2013-10-29,1178,1870,692
2013-10-30,2158,913,-1245
2013-10-31,1862,1206,-656
2013-11-01,1674,1394,-280
2013-11-04,1005,2044,1039
2013-11-05,2092,992,-1100
2013-11-06,1427,1630,203
2013-11-07,2402,686,-1716
2013-11-08,1322,1766,444
2013-11-11,1444,1585,141
2013-11-12,1945,1127,-818
2013-11-13,966,2084,1118
2013-11-14,1052,1999,947
2013-11-15,1044,1999,955
2013-11-18,1874,1201,-673
2013-11-19,2106,965,-1141
2013-11-20,2007,1016,-991
2013-11-21,804,2275,1471
2013-11-22,1178,1872,694
2013-11-25,1699,1361,-338
2013-11-26,1322,1690,368
2013-11-27,1146,1908,762
2013-11-29,1322,1657,335
2013-12-02,2204,869,-1335
2013-12-03,1893,1178,-715
2013-12-04,1888,1146,-742
2013-12-05,2021,1045,-976
2013-12-06,867,2214,1347
2013-12-09,1506,1534,28
2013-12-10,1843,1222,-621
2013-12-11,2516,597,-1919
2013-12-12,1786,1262,-524
2013-12-13,1307,1738,431
2013-12-16,1037,2070,1033
2013-12-17,1640,1405,-235
2013-12-18,685,2424,1739
2013-12-19,1797,1291,-506
2013-12-20,764,2350,1586
2013-12-23,913,2203,1290
2013-12-24,1015,2005,990
2013-12-26,1426,1633,207
2013-12-27,1459,1568,109
2013-12-30,1582,1507,-75
2013-12-31,1087,2018,931
2014-01-02,2080,1039,-1041
2014-01-03,1106,1974,868
2014-01-06,1674,1442,-232
2014-01-07,1050,2050,1000
2014-01-08,1726,1322,-404
2014-01-09,1460,1614,154
2014-01-10,872,2215,1343
2014-01-13,2227,862,-1365
2014-01-14,917,2169,1252
2014-01-15,1054,1997,943
2014-01-16,1307,1774,467
2014-01-17,1789,1268,-521
2014-01-21,1069,2034,965
2014-01-22,1088,2013,925
2014-01-23,2079,1037,-1042
2014-01-24,2721,428,-2293
2014-01-27,2310,811,-1499
2014-01-28,773,2307,1534
2014-01-29,2387,722,-1665
2014-01-30,733,2380,1647
2014-01-31,1920,1162,-758
2014-02-03,2644,471,-2173
2014-02-04,969,2116,1147
2014-02-05,1789,1274,-515
2014-02-06,758,2343,1585
2014-02-07,699,2400,1701
2014-02-10,1286,1806,520
2014-02-11,685,2418,1733
2014-02-12,1334,1762,428
2014-02-13,787,2221,1434
2014-02-14,1009,2020,1011
2014-02-18,1003,1668,665
2014-02-19,1951,1081,-870
2014-02-20,1039,1963,924
2014-02-21,1304,1706,402
2014-02-24,1159,1874,715
2014-02-25,1634,1373,-261
2014-02-26,1180,1842,662
2014-02-27,980,2031,1051
2014-02-28,1208,1818,610
2014-03-03,2006,1009,-997
2014-03-04,536,2542,2006
2014-03-05,1553,1436,-117
2014-03-06,1312,1701,389
2014-03-07,1765,1247,-518
2014-03-10,1713,1300,-413
2014-03-11,2054,979,-1075
2014-03-12,1296,1759,463
2014-03-13,2084,972,-1112
2014-03-14,1276,1715,439
2014-03-17,834,2182,1348
2014-03-18,718,2346,1628
2014-03-19,2321,750,-1571
2014-03-20,1553,1468,-85
2014-03-21,1267,1776,509
2014-03-24,1941,1142,-799
2014-03-25,1245,1774,529
2014-03-26,2039,1023,-1016
2014-03-27,1423,1625,202
2014-03-28,866,2162,1296
2014-03-31,737,2319,1582
2014-04-01,886,2195,1309
2014-04-02,1304,1721,417
2014-04-03,1802,1220,-582
2014-04-04,1999,1043,-956
2014-04-07,2233,829,-1404
2014-04-08,967,2066,1099
2014-04-09,812,2225,1413
2014-04-10,2391,661,-1730
2014-04-11,2189,855,-1334
2014-04-14,1028,1988,960
2014-04-15,1187,1841,654
2014-04-16,630,2409,1779
2014-04-17,1279,1782,503
2014-04-21,1177,1889,712
2014-04-22,819,2227,1408
2014-04-23,1583,1482,-101
2014-04-24,1482,1535,53
2014-04-25,2026,1018,-1008
2014-04-28,1439,1254,-185
2014-04-29,1230,1820,590
2014-04-30,1023,2028,1005
2014-05-01,1323,1751,428
2014-05-02,1312,1723,411
2014-05-05,1539,1484,-55
2014-05-06,2110,962,-1148
2014-05-07,1077,1982,905
2014-05-08,1790,1277,-513
2014-05-09,1332,1674,342
2014-05-12,648,2409,1761
2014-05-13,1705,1355,-350
2014-05-14,1904,1155,-749
2014-05-15,2142,925,-1217
2014-05-16,994,2039,1045
2014-05-19,1082,1972,890
2014-05-20,2177,888,-1289
2014-05-21,1065,1956,891
2014-05-22,1080,1962,882
2014-05-23,965,2076,1111
2014-05-27,985,2110,1125
2014-05-28,1484,1607,123
2014-05-29,1023,2068,1045
2014-05-30,1514,1552,38
2014-06-02,1619,1454,-165
2014-06-03,1926,1163,-763
2014-06-04,1484,1571,87
2014-06-05,672,2387,1715
2014-06-06,791,2243,1452
2014-06-09,1186,1840,654
2014-06-10,1756,1279,-477
2014-06-11,1904,1147,-757
2014-06-12,1785,1259,-526
2014-06-13,1301,1728,427
2014-06-16,1509,1542,33
2014-06-17,1154,1891,737
2014-06-18,826,2222,1396
2014-06-19,1301,1434,133
2014-06-20,1315,1747,432
2014-06-23,1548,1491,-57
2014-06-24,1946,1130,-816
2014-06-25,943,2116,1173
2014-06-26,1453,1602,149
2014-06-27,1028,2030,1002
2014-06-30,1219,1829,610
2014-07-01,1039,2072,1033
2014-07-02,1948,1146,-802
2014-07-03,1335,1757,422
2014-07-07,2175,963,-1212
2014-07-08,1900,1211,-689
2014-07-09,1301,1780,479
2014-07-10,2173,945,-1228
2014-07-11,1407,1682,275
2014-07-14,1134,1980,846
2014-07-15,2027,1064,-963
2014-07-16,1348,1674,326
2014-07-17,2476,596,-1880
2014-07-18,571,2535,1964
2014-07-21,1943,1137,-806
2014-07-22,958,2116,1158
2014-07-23,1293,1779,486
2014-07-24,1625,1441,-184
2014-07-25,2031,1033,-998
2014-07-28,1742,1325,-417
2014-07-29,1846,1216,-630
2014-07-30,1884,1194,-690
2014-07-31,2856,309,-2547
2014-08-01,1941,1158,-783
2014-08-04,1185,1917,732
2014-08-05,2213,876,-1337
2014-08-06,1244,1835,591
2014-08-07,1660,1441,-219
2014-08-08,758,2360,1602
2014-08-11,816,2274,1458
2014-08-12,1806,1259,-547
2014-08-13,791,2316,1525
2014-08-14,987,2082,1095
2014-08-15,1551,1499,-52
2014-08-18,668,2448,1780
2014-08-19,1106,1967,861
2014-08-20,1490,1554,64
2014-08-21,1220,1844,624
2014-08-22,1902,1149,-753
2014-08-25,1192,1889,697
2014-08-26,1035,2026,991
2014-08-27,1349,1770,421
2014-08-28,1787,1328,-459
2014-08-29,919,2192,1273
2014-09-02,1657,1499,-158
2014-09-03,1676,1460,-216
2014-09-04,2079,1056,-1023
2014-09-05,1186,1951,765
2014-09-08,1938,1202,-736
2014-09-09,2428,725,-1703
2014-09-10,1474,1669,195
2014-09-11,1377,1768,391
2014-09-12,2514,666,-1848
2014-09-15,2081,1069,-1012
2014-09-16,1119,2028,909
2014-09-17,1518,1631,113
2014-09-18,1223,1927,704
2014-09-19,1881,1248,-633
2014-09-22,2611,550,-2061
2014-09-23,2234,917,-1317
2014-09-24,1261,1857,596
2014-09-25,2631,546,-2085
2014-09-26,851,2307,1456
2014-09-29,1842,1309,-533
2014-09-30,1981,1192,-789
2014-10-01,2395,797,-1598
2014-10-02,1489,1693,204
2014-10-03,1034,2124,1090
2014-10-06,1596,1555,-41
2014-10-07,2435,722,-1713
2014-10-08,638,2551,1913
2014-10-09,2800,390,-2410
2014-10-10,2501,692,-1809
2014-10-13,2119,1023,-1096
2014-10-14,1192,1250,58
2014-10-15,1707,1494,-213
2014-10-16,960,2235,1275
2014-10-17,1114,2088,974
2014-10-20,827,2357,1530
2014-10-21,583,2613,2030
2014-10-22,2184,982,-1202
2014-10-23,741,2446,1705
2014-10-24,1187,1957,770
2014-10-27,1785,1348,-437
2014-10-28,525,2654,2129
2014-10-29,1800,1350,-450
2014-10-30,1155,2005,850
2014-10-31,746,2447,1701
2014-11-03,1621,1556,-65
2014-11-04,1882,1288,-594
2014-11-05,1296,1855,559
2014-11-06,1351,1801,450
2014-11-07,1234,1923,689
2014-11-10,1360,1790,430
2014-11-11,1524,1601,77
2014-11-12,1445,1707,262
2014-11-13,2013,1124,-889
2014-11-14,1492,1646,154
2014-11-17,1760,1414,-346
2014-11-18,1245,1927,682
2014-11-19,1957,1203,-754
2014-11-20,1073,2059,986
2014-11-21,1047,2103,1056
2014-11-24,1202,1936,734
2014-11-25,1449,1689,240
2014-11-26,1206,1941,735
2014-11-28,1913,1197,-716
2014-12-01,2479,707,-1772
2014-12-02,1067,2111,1044
2014-12-03,1123,2049,926
2014-12-04,2017,1146,-871
2014-12-05,1509,1663,154
2014-12-08,2216,960,-1256
2014-12-09,1280,1903,623
2014-12-10,2631,571,-2060
2014-12-11,1343,1834,491
2014-12-12,2519,663,-1856
2014-12-15,2407,778,-1629
2014-12-16,1833,1335,-498
2014-12-17,373,2833,2460
2014-12-18,625,2570,1945
2014-12-19,1129,2042,913
2014-12-22,1342,1837,495
2014-12-23,1153,2033,880
2014-12-24,1577,1527,-50
2014-12-26,1041,2084,1043
2014-12-29,1333,1843,510
2014-12-30,1836,1325,-511
2014-12-31,2044,1140,-904
2015-01-02,1423,1744,321
2015-01-05,2460,750,-1710
2015-01-06,2136,1041,-1095
2015-01-07,761,2413,1652
2015-01-08,741,2458,1717
2015-01-09,1980,1171,-809
2015-01-12,1965,1187,-778
2015-01-13,1661,1488,-173
2015-01-14,1909,1252,-657
2015-01-15,2052,1109,-943
2015-01-16,584,2592,2008
2015-01-20,1943,1223,-720
2015-01-21,1144,2006,862
2015-01-22,694,2466,1772
2015-01-23,1728,1400,-328
2015-01-26,987,2154,1167
2015-01-27,1760,1381,-379
2015-01-28,2348,843,-1505
2015-01-29,1036,2128,1092
2015-01-30,2164,1019,-1145
2015-02-02,864,2308,1444
2015-02-03,657,2534,1877
2015-02-04,2042,1110,-932
2015-02-05,779,2394,1615
2015-02-06,1998,1181,-817
2015-02-09,1857,1312,-545
2015-02-10,1362,1794,432
2015-02-11,1700,1457,-243
2015-02-12,733,2435,1702
2015-02-13,1182,1968,786
2015-02-17,1807,1378,-429
2015-02-18,1432,1733,301
2015-02-19,1635,1499,-136
2015-02-20,1009,2143,1134
2015-02-23,1590,1565,-25
2015-02-24,1212,1949,737
2015-02-25,1412,1737,325
2015-02-26,1694,1452,-242
2015-02-27,1530,1621,91
2015-03-02,1255,1905,650
2015-03-03,1856,1297,-559
2015-03-04,1923,1208,-715
2015-03-05,1399,1701,302
2015-03-06,2714,488,-2226
2015-03-09,1493,1657,164
2015-03-10,2320,863,-1457
2015-03-11,1343,1799,456
2015-03-12,860,2295,1435
2015-03-13,2169,954,-1215
2015-03-16,1126,2034,908
2015-03-17,1658,1489,-169
2015-03-18,585,2602,2017
2015-03-19,2024,1117,-907
2015-03-20,655,2506,1851
2015-03-23,1319,1809,490
2015-03-24,1752,1384,-368
2015-03-25,2301,842,-1459
2015-03-26,1895,1219,-676
2015-03-27,1244,1882,638
2015-03-30,822,2337,1515
2015-03-31,1846,1295,-551
2015-04-01,1471,1654,183
2015-04-02,1132,2004,872
2015-04-06,882,2248,1366
2015-04-07,1736,1403,-333
2015-04-08,1234,1891,657
2015-04-09,1544,1566,22
2015-04-10,1246,1860,614
2015-04-13,1945,1178,-767
2015-04-14,1181,1965,784
2015-04-15,1046,2085,1039
2015-04-16,1748,1378,-370
2015-04-17,2510,629,-1881
2015-04-20,922,2189,1267
2015-04-21,1543,1578,35
2015-04-22,1294,1782,488
2015-04-23,1006,2086,1080
2015-04-24,1523,1582,59
2015-04-27,1975,1158,-817
2015-04-28,1162,1966,804
2015-04-29,2072,1065,-1007
2015-04-30,2407,740,-1667
2015-05-01,1242,1899,657
2015-05-04,1343,1792,449
2015-05-05,2504,647,-1857
2015-05-06,2137,1028,-1109
2015-05-07,1318,1816,498
2015-05-08,632,2525,1893
2015-05-11,2035,1115,-920
2015-05-12,1709,1414,-295
2015-05-13,1391,1753,362
2015-05-14,767,2380,1613
2015-05-15,1320,1797,477
2015-05-18,1375,1768,393
2015-05-19,1879,1265,-614
2015-05-20,1491,1607,116
2015-05-21,1394,1730,336
2015-05-22,1947,1144,-803
2015-05-26,2506,666,-1840
2015-05-27,837,2316,1479
2015-05-28,1808,1308,-500
2015-05-29,2142,990,-1152
2015-06-01,1466,1668,202
2015-06-02,1439,1699,260
2015-06-03,1552,1586,34
2015-06-04,2412,721,-1691
2015-06-05,1671,1481,-190
2015-06-08,2191,931,-1260
2015-06-09,2011,1107,-904
2015-06-10,892,2256,1364
2015-06-11,1227,1928,701
2015-06-12,2009,1111,-898
2015-06-15,2024,1125,-899
2015-06-16,1140,1994,854
2015-06-17,1491,1655,164
2015-06-18,1050,2111,1061
2015-06-19,1853,1300,-553
2015-06-22,1284,1883,599
2015-06-23,1292,1841,549
2015-06-24,2220,925,-1295
2015-06-25,2010,1128,-882
2015-06-26,1786,1388,-398
2015-06-29,2914,309,-2605
2015-06-30,1252,1934,682
2015-07-01,1199,1985,786
2015-07-02,1570,1577,7
2015-07-03,1559,1573,14
2015-07-06,1992,1188,-804
2015-07-07,1296,1873,577
2015-07-08,2605,556,-2049
2015-07-09,1319,1838,519
2015-07-10,658,2499,1841
2015-07-13,848,2312,1464
2015-07-14,1131,1985,854
2015-07-15,1875,1283,-592
2015-07-16,973,2215,1242
2015-07-17,2040,1108,-932
2015-07-20,2122,1019,-1103
2015-07-21,1878,1267,-611
2015-07-22,1837,1327,-510
2015-07-23,2161,998,-1163
2015-07-24,2301,862,-1439
2015-07-27,2299,876,-1423
2015-07-28,878,2298,1420
2015-07-29,867,2287,1420
2015-07-30,1552,1598,46
2015-07-31,1170,1979,809
2015-08-03,1908,1241,-667
2015-08-04,1684,1446,-238
2015-08-05,1592,1553,-39
2015-08-06,1877,1282,-595
2015-08-07,1850,1304,-546
2015-08-10,774,2376,1602
2015-08-11,1971,1193,-778
2015-08-12,1598,1567,-31
2015-08-13,1867,1242,-625
2015-08-14,998,2137,1139
2015-08-17,1229,1938,709
2015-08-18,2036,1110,-926
2015-08-19,2329,811,-1518
2015-08-20,2681,502,-2179
2015-08-21,2717,481,-2236
2015-08-24,3076,161,-2915
2015-08-25,1768,1408,-360
2015-08-26,649,2541,1892
2015-08-27,354,2861,2507
2015-08-28,1092,2072,980
2015-08-31,1771,1381,-390
2015-09-01,2742,444,-2298
2015-09-02,824,2343,1519
2015-09-03,1111,2025,914
2015-09-04,2383,768,-1615
2015-09-08,684,2492,1808
2015-09-09,2340,808,-1532
2015-09-10,1457,1670,213
2015-09-11,1458,1692,234
2015-09-14,2093,1028,-1065
2015-09-15,960,2169,1209
2015-09-16,740,2420,1680
2015-09-17,1242,1916,674
2015-09-18,2183,968,-1215
2015-09-21,1282,1881,599
2015-09-22,2507,659,-1848
2015-09-23,1826,1301,-525
2015-09-24,1870,1267,-603
2015-09-25,1634,1509,-125
2015-09-28,2862,329,-2533
2015-09-29,1776,1382,-394
2015-09-30,790,2386,1596
2015-10-01,1609,1538,-71
2015-10-02,804,2364,1560
2015-10-05,387,2808,2421
2015-10-06,1412,1735,323
2015-10-07,713,2441,1728
2015-10-08,704,2451,1747
2015-10-09,1355,1748,393
2015-10-12,1500,1641,141
2015-10-13,2285,881,-1404
2015-10-14,1881,1272,-609
2015-10-15,599,2564,1965
2015-10-16,1285,1864,579
2015-10-19,1684,1470,-214
2015-10-20,1223,1916,693
2015-10-21,2222,914,-1308
2015-10-22,817,2352,1535
2015-10-23,1295,1847,552
2015-10-26,1945,1204,-741
2015-10-27,2331,825,-1506
2015-10-28,691,2462,1771
2015-10-29,1905,1218,-687
2015-10-30,1442,1691,249
2015-11-02,612,2557,1945
2015-11-03,1320,1829,509
2015-11-04,1870,1262,-608
2015-11-05,1602,1519,-83
2015-11-06,1966,1210,-756
2015-11-09,2510,669,-1841
2015-11-10,1365,1788,423
2015-11-11,1792,1347,-445
2015-11-12,2559,598,-1961
2015-11-13,1927,1207,-720
2015-11-16,892,2273,1381
2015-11-17,1988,1179,-809
2015-11-18,721,2414,1693
2015-11-19,1489,1643,154
2015-11-20,1261,1848,587
2015-11-23,1508,1616,108
2015-11-24,1199,1931,732
2015-11-25,1202,1902,700
2015-11-27,1210,1856,646
2015-11-30,1762,1373,-389
2015-12-01,930,2218,1288
2015-12-02,2462,704,-1758
2015-12-03,2560,598,-1962
2015-12-04,1083,2042,959
2015-12-07,2522,637,-1885
2015-12-08,2083,1029,-1054
2015-12-09,1892,1253,-639
2015-12-10,1582,1541,-41
2015-12-11,2789,404,-2385
2015-12-14,2334,830,-1504
2015-12-15,700,2473,1773
2015-12-16,572,2615,2043
2015-12-17,2044,1106,-938
2015-12-18,2045,1108,-937
2015-12-21,1071,2058,987
2015-12-22,755,2383,1628
2015-12-23,458,2718,2260
2015-12-24,1367,1691,324
2015-12-28,1930,1211,-719
2015-12-29,822,2313,1491
2015-12-30,2212,938,-1274
2015-12-31,1932,1199,-733
2016-01-04,2157,1005,-1152
2016-01-05,1297,1844,547
2016-01-06,2338,811,-1527
2016-01-07,2734,440,-2294
2016-01-08,2149,998,-1151
2016-01-11,2039,1098,-941
2016-01-12,1622,1493,-129
2016-01-13,2792,375,-2417
2016-01-14,1024,2106,1082
2016-01-15,2612,557,-2055
2016-01-19,2109,1036,-1073
2016-01-20,2285,889,-1396
2016-01-21,1103,2036,933
2016-01-22,342,2840,2498
2016-01-25,2663,499,-2164
2016-01-26,543,2613,2070
2016-01-27,1928,1186,-742
2016-01-28,1045,2099,1054
2016-01-29,355,2823,2468
2016-02-01,1587,1534,-53
2016-02-02,2504,634,-1870
2016-02-03,1129,1975,846
2016-02-04,1137,1984,847
2016-02-05,2380,747,-1633
2016-02-08,2519,643,-1876
2016-02-09,2186,962,-1224
2016-02-10,1461,1664,203
2016-02-11,2565,591,-1974
2016-02-12,658,2500,1842
2016-02-16,603,2552,1949
2016-02-17,537,2613,2076
2016-02-18,1515,1596,81
2016-02-19,1568,1543,-25
2016-02-22,707,2418,1711
2016-02-23,2102,1028,-1074
2016-02-24,1107,2006,899
2016-02-25,812,2304,1492
2016-02-26,1193,1940,747
2016-02-29,1481,1637,156
2016-03-01,568,2587,2019
2016-03-02,1046,2075,1029
2016-03-03,753,2353,1600
2016-03-04,1098,2020,922
2016-03-07,1042,2063,1021
2016-03-08,2345,762,-1583
2016-03-09,929,2169,1240
2016-03-10,1771,1317,-454
2016-03-11,524,2609,2085
2016-03-14,1726,1351,-375
2016-03-15,2291,811,-1480
2016-03-16,594,2528,1934
2016-03-17,640,2488,1848
2016-03-18,1200,1902,702
2016-03-21,1529,1549,20
2016-03-22,1625,1445,-180
2016-03-23,2301,811,-1490
2016-03-24,1503,1570,67
2016-03-28,1319,1770,451
2016-03-29,629,2476,1847
2016-03-30,1132,1931,799
2016-03-31,1387,1696,309
2016-04-01,1610,1484,-126
2016-04-04,2282,825,-1457
2016-04-05,2166,930,-1236
2016-04-06,768,2321,1553
2016-04-07,2384,710,-1674
2016-04-08,762,2337,1575
2016-04-11,1245,1836,591
2016-04-12,627,2455,1828
2016-04-13,712,2412,1700
2016-04-14,1699,1353,-346
2016-04-15,1432,1640,208
2016-04-18,838,2256,1418
2016-04-19,937,2148,1211
2016-04-20,1310,1753,443
2016-04-21,1949,1118,-831
2016-04-22,913,2165,1252
2016-04-25,2066,1021,-1045
2016-04-26,706,2374,1668
2016-04-27,928,2164,1236
2016-04-28,2004,1059,-945
2016-04-29,1750,1308,-442
2016-05-02,1133,1946,813
2016-05-03,2330,767,-1563
2016-05-04,1857,1222,-635
2016-05-05,1609,1447,-162
2016-05-06,1083,1967,884
2016-05-09,1646,1437,-209
2016-05-10,717,2357,1640
2016-05-11,1952,1116,-836
2016-05-12,1593,1469,-124
2016-05-13,2049,1018,-1031
2016-05-16,735,2354,1619
2016-05-17,1968,1106,-862
2016-05-18,2043,1051,-992
2016-05-19,2174,900,-1274
2016-05-20,606,2471,1865
2016-05-23,1557,1519,-38
2016-05-24,719,2355,1636
2016-05-25,980,2073,1093
2016-05-26,1467,1603,136
2016-05-27,1003,2069,1066
2016-05-31,1427,1652,225
2016-06-01,1037,2027,990
2016-06-02,1062,1992,930
2016-06-03,1407,1672,265
2016-06-06,937,2152,1215
2016-06-07,1138,1914,776
2016-06-08,986,2056,1070
2016-06-09,1899,1163,-736
2016-06-10,2460,597,-1863
2016-06-13,2317,757,-1560
2016-06-14,2002,1061,-941
2016-06-15,1196,1865,669
2016-06-16,1566,1494,-72
2016-06-17,1201,1872,671
2016-06-20,717,2383,1666
2016-06-21,1325,1719,394
2016-06-22,1775,1268,-507
2016-06-23,527,2562,2035
2016-06-24,2628,501,-2127
2016-06-27,2534,598,-1936
2016-06-28,465,2656,2191
2016-06-29,453,2661,2208
2016-06-30,651,2451,1800
2016-07-01,1106,1945,839
2016-07-05,2266,827,-1439
2016-07-06,1091,1952,861
2016-07-07,1396,1648,252
2016-07-08,370,2711,2341
2016-07-11,970,2099,1129
2016-07-12,910,2169,1259
2016-07-13,1627,1428,-199
2016-07-14,1325,1748,423
2016-07-15,1388,1649,261
2016-07-18,1117,1947,830
2016-07-19,1750,1283,-467
2016-07-20,1011,2037,1026
2016-07-21,1748,1287,-461
2016-07-22,1017,2003,986
2016-07-25,1903,1131,-772
2016-07-26,1184,1851,667
2016-07-27,1630,1412,-218
2016-07-28,1445,1570,125
2016-07-29,1141,1915,774
2016-08-01,1796,1242,-554
2016-08-02,2354,713,-1641
2016-08-03,993,2054,1061
2016-08-04,1302,1715,413
2016-08-05,851,2174,1323
2016-08-08,1297,1691,394
2016-08-09,1396,1620,224
2016-08-10,1674,1348,-326
2016-08-11,1140,1908,768
2016-08-12,1560,1448,-112
2016-08-15,1079,1970,891
2016-08-16,2078,935,-1143
2016-08-17,1439,1590,151
2016-08-18,891,2136,1245
2016-08-19,1792,1216,-576
2016-08-22,1488,1521,33
2016-08-23,992,2046,1054
2016-08-24,2122,922,-1200
2016-08-25,1341,1682,341
2016-08-26,1820,1206,-614
2016-08-29,830,2201,1371
2016-08-30,1551,1453,-98
2016-08-31,1867,1152,-715
2016-09-01,1575,1425,-150
2016-09-02,601,2434,1833
2016-09-06,1246,1794,548
2016-09-07,1146,1877,731
2016-09-08,1656,1377,-279
2016-09-09,2951,173,-2778
2016-09-12,846,2204,1358
2016-09-13,2756,338,-2418
2016-09-14,1569,1464,-105
2016-09-15,756,2269,1513
2016-09-16,1946,1093,-853
2016-09-19,971,2056,1085
2016-09-20,1675,1338,-337
2016-09-21,420,2630,2210
2016-09-22,538,2525,1987
2016-09-23,2056,971,-1085
2016-09-26,2206,854,-1352
2016-09-27,1253,1785,532
2016-09-28,753,2308,1555
2016-09-29,2422,646,-1776
2016-09-30,895,2154,1259
2016-10-03,1758,1283,-475
2016-10-04,2206,847,-1359
2016-10-05,1183,1845,662
2016-10-06,1665,1342,-323
2016-10-07,2073,913,-1160
2016-10-10,847,2159,1312
2016-10-11,2649,401,-2248
2016-10-12,1446,1558,112
2016-10-13,2029,1026,-1003
2016-10-14,1496,1517,21
2016-10-17,1807,1222,-585
2016-10-18,725,2321,1596
2016-10-19,909,2132,1223
2016-10-20,1724,1259,-465
2016-10-21,1469,1539,70
2016-10-24,1217,1803,586
2016-10-25,1813,1185,-628
2016-10-26,1928,1092,-836
2016-10-27,2185,831,-1354
2016-10-28,1801,1212,-589
2016-10-31,1487,1544,57
2016-11-01,2292,746,-1546
2016-11-02,2313,722,-1591
2016-11-03,1801,1201,-600
2016-11-04,1455,1541,86
2016-11-07,551,2495,1944
2016-11-08,1278,1712,434
2016-11-09,1386,1697,311
2016-11-10,1660,1433,-227
2016-11-11,1398,1652,254
2016-11-14,1480,1598,118
2016-11-15,859,2215,1356
2016-11-16,1454,1594,140
2016-11-17,1440,1588,148
2016-11-18,1592,1427,-165
2016-11-21,754,2255,1501
2016-11-22,900,2133,1233
2016-11-23,1478,1517,39
2016-11-25,1039,1895,856
2016-11-28,1993,1032,-961
2016-11-29,1552,1468,-84
2016-11-30,1838,1192,-646
2016-12-01,1882,1154,-728
2016-12-02,1347,1652,305
2016-12-05,861,2156,1295
2016-12-06,870,2131,1261
2016-12-07,721,2311,1590
2016-12-08,1155,1881,726
2016-12-09,1528,1495,-33
2016-12-12,1942,1099,-843
2016-12-13,1232,1809,577
2016-12-14,2428,605,-1823
2016-12-15,1337,1709,372
2016-12-16,1312,1704,392
2016-12-19,1153,1884,731
2016-12-20,1076,1941,865
2016-12-21,1600,1418,-182
2016-12-22,1738,1249,-489
2016-12-23,1213,1763,550
2016-12-26,0,0,0
2016-12-27,1154,1863,709
2016-12-28,2199,816,-1383
2016-12-29,1219,1783,564
2016-12-30,1648,1360,-288
2017-01-02,1647,1360,-287
2017-01-03,742,2308,1566
2017-01-04,466,2606,2140
2017-01-05,1661,1347,-314
2017-01-06,1584,1427,-157
2017-01-09,1942,1082,-860
2017-01-10,1075,1924,849
2017-01-11,911,2012,1101
2017-01-12,1793,1200,-593
2017-01-13,1111,1855,744
2017-01-17,1657,1354,-303
2017-01-18,1380,1616,236
2017-01-19,2226,772,-1454
2017-01-20,1064,1891,827
2017-01-23,1357,1628,271
2017-01-24,793,2234,1441
2017-01-25,1080,1947,867
2017-01-26,1558,1441,-117
2017-01-27,1700,1285,-415
2017-01-30,2115,914,-1201
2017-01-31,1096,1888,792
2017-02-01,1536,1442,-94
2017-02-02,1343,1648,305
2017-02-03,645,2378,1733
2017-02-06,1844,1167,-677
2017-02-07,1613,1373,-240
2017-02-08,1305,1681,376
2017-02-09,1028,1968,940
2017-02-10,858,2150,1292
2017-02-13,1209,1788,579
2017-02-14,1424,1574,150
2017-02-15,1245,1761,516
2017-02-16,1712,1292,-420
2017-02-17,1587,1382,-205
2017-02-21,867,2140,1273
2017-02-22,1652,1315,-337
2017-02-23,1389,1616,227
2017-02-24,1442,1550,108
2017-02-27,1178,1814,636
2017-02-28,1914,1083,-831
2017-03-01,995,2052,1057
2017-03-02,2201,807,-1394
2017-03-03,1428,1536,108
2017-03-06,2097,917,-1180
2017-03-07,2078,906,-1172
2017-03-08,2197,823,-1374
2017-03-09,2101,905,-1196
2017-03-10,979,2001,1022
2017-03-13,1196,1787,591
2017-03-14,1980,1006,-974
2017-03-15,407,2652,2245
2017-03-16,1331,1679,348
2017-03-17,1214,1807,593
2017-03-20,1738,1234,-504
2017-03-21,2391,633,-1758
2017-03-22,1407,1602,195
2017-03-23,1034,1937,903
2017-03-24,1420,1537,117
2017-03-27,1487,1499,12
2017-03-28,772,2212,1440
2017-03-29,1044,1953,909
2017-03-30,1176,1824,648
2017-03-31,1208,1770,562
2017-04-03,1671,1325,-346
2017-04-04,1462,1496,34
2017-04-05,1973,1024,-949
2017-04-06,716,2247,1531
2017-04-07,1559,1398,-161
2017-04-10,973,2007,1034
2017-04-11,1141,1849,708
2017-04-12,2036,942,-1094
2017-04-13,2091,857,-1234
2017-04-17,764,2223,1459
2017-04-18,1534,1414,-120
2017-04-19,1586,1378,-208
2017-04-20,852,2123,1271
2017-04-21,1591,1350,-241
2017-04-24,882,2114,1232
2017-04-25,970,2017,1047
2017-04-26,1275,1724,449
2017-04-27,1491,1492,1
2017-04-28,1834,1151,-683
2017-05-01,1278,1696,418
2017-05-02,1463,1498,35
2017-05-03,1764,1207,-557
2017-05-04,1917,1089,-828
2017-05-05,822,2151,1329
2017-05-08,1626,1352,-274
2017-05-09,1691,1292,-399
2017-05-10,1041,1939,898
2017-05-11,1832,1137,-695
2017-05-12,1676,1304,-372
2017-05-15,741,2225,1484
2017-05-16,1626,1335,-291
2017-05-17,2399,648,-1751
2017-05-18,1462,1516,54
2017-05-19,761,2246,1485
2017-05-22,943,2026,1083
2017-05-23,1212,1765,553
2017-05-24,1280,1681,401
2017-05-25,1420,1569,149
2017-05-26,1404,1561,157
2017-05-30,1844,1151,-693
2017-05-31,1499,1495,-4
2017-06-01,545,2467,1922
2017-06-02,1239,1737,498
2017-06-05,1863,1131,-732
2017-06-06,1628,1358,-270
2017-06-07,1540,1424,-116
2017-06-08,1215,1709,494
2017-06-09,1146,1847,701
2017-06-12,1449,1529,80
2017-06-13,874,2098,1224
2017-06-14,1590,1402,-188
2017-06-15,1837,1142,-695
2017-06-16,1252,1699,447
2017-06-19,1091,1870,779
2017-06-20,2114,856,-1258
2017-06-21,1935,1057,-878
2017-06-22,1231,1723,492
2017-06-23,931,2022,1091
2017-06-26,1056,1933,877
2017-06-27,1956,1021,-935
2017-06-28,715,2292,1577
2017-06-29,2104,900,-1204
2017-06-30,1148,1819,671
2017-07-03,839,2117,1278
2017-07-05,1809,1154,-655
2017-07-06,2420,577,-1843
2017-07-07,915,2036,1121
2017-07-10,1455,1505,50
2017-07-11,1384,1561,177
2017-07-12,705,2275,1570
2017-07-13,1409,1532,123
2017-07-14,848,2113,1265
2017-07-17,1304,1652,348
2017-07-18,1519,1422,-97
2017-07-19,764,2193,1429
2017-07-20,1445,1483,38
2017-07-21,1550,1401,-149
2017-07-24,1650,1283,-367
2017-07-25,1140,1827,687
2017-07-26,1454,1502,48
2017-07-27,1610,1320,-290
2017-07-28,1347,1585,238
2017-07-31,1400,1583,183
2017-08-01,1169,1774,605
2017-08-02,1764,1172,-592
2017-08-03,1691,1262,-429
2017-08-04,1294,1679,385
2017-08-07,1536,1415,-121
2017-08-08,1868,1081,-787
2017-08-09,2063,907,-1156
2017-08-10,2625,407,-2218
2017-08-11,1385,1589,204
2017-08-14,718,2294,1576
2017-08-15,1891,1083,-808
2017-08-16,1182,1798,616
2017-08-17,2440,556,-1884
2017-08-18,1351,1550,199
2017-08-21,1440,1486,46
2017-08-22,844,2121,1277
2017-08-23,1385,1555,170
2017-08-24,1432,1478,46
2017-08-25,957,1980,1023
2017-08-28,1581,1381,-200
2017-08-29,1491,1438,-53
2017-08-30,1125,1832,707
2017-08-31,775,2169,1394
2017-09-01,889,2053,1164
2017-09-05,2074,896,-1178
2017-09-06,1114,1824,710
2017-09-07,1434,1505,71
2017-09-08,1599,1342,-257
2017-09-11,635,2334,1699
2017-09-12,1089,1828,739
2017-09-13,1383,1529,146
2017-09-14,1403,1556,153
2017-09-15,1068,1860,792
2017-09-18,1273,1676,403
2017-09-19,1385,1552,167
2017-09-20,1299,1623,324
2017-09-21,1663,1260,-403
2017-09-22,1061,1884,823
2017-09-25,1274,1649,375
2017-09-26,1282,1665,383
2017-09-27,1286,1678,392
2017-09-28,1191,1737,546
2017-09-29,1160,1784,624
2017-10-02,1072,1883,811
2017-10-03,1276,1646,370
2017-10-04,1485,1419,-66
2017-10-05,1142,1803,661
2017-10-06,1867,1069,-798
2017-10-09,1610,1253,-357
2017-10-10,1015,1892,877
2017-10-11,1091,1723,632
2017-10-12,1383,1541,158
2017-10-13,1185,1736,551
2017-10-16,1485,1446,-39
2017-10-17,1660,1262,-398
2017-10-18,1422,1525,103
2017-10-19,1426,1478,52
2017-10-20,1168,1793,625
2017-10-23,1928,1011,-917
2017-10-24,1345,1593,248
2017-10-25,2215,764,-1451
2017-10-26,1410,1550,140
2017-10-27,1111,1824,713
2017-10-30,1800,1163,-637
2017-10-31,1105,1855,750
2017-11-01,1384,1559,175
2017-11-02,1492,1467,-25
2017-11-03,1515,1406,-109
2017-11-06,1235,1735,500
2017-11-07,1703,1271,-432
2017-11-08,1439,1495,56
2017-11-09,1822,1112,-710
2017-11-10,1676,1269,-407
2017-11-13,1639,1325,-314
2017-11-14,1763,1218,-545
2017-11-15,1910,1046,-864
2017-11-16,752,2225,1473
2017-11-17,1039,1916,877
2017-11-20,1189,1764,575
2017-11-21,969,2010,1041
2017-11-22,1301,1660,359
2017-11-24,1111,1762,651
2017-11-27,1829,1122,-707
2017-11-28,946,2024,1078
2017-11-29,1486,1500,14
2017-11-30,1256,1734,478
2017-12-01,1448,1533,85
2017-12-04,1460,1506,46
2017-12-05,1902,1080,-822
2017-12-06,1712,1250,-462
2017-12-07,1097,1848,751
2017-12-08,1171,1763,592
2017-12-11,1375,1595,220
2017-12-12,1616,1354,-262
2017-12-13,1308,1661,353
2017-12-14,1934,1044,-890
2017-12-15,927,2057,1130
2017-12-18,875,2119,1244
2017-12-19,1909,1053,-856
2017-12-20,1474,1486,12
2017-12-21,1163,1797,634
2017-12-22,1453,1479,26
2017-12-26,1278,1666,388
2017-12-27,1299,1627,328
2017-12-28,1008,1934,926
2017-12-29,1734,1201,-533
2018-01-02,1160,1852,692
2018-01-03,1211,1757,546
2018-01-04,1208,1755,547
2018-01-05,1172,1794,622
2018-01-08,1240,1719,479
2018-01-09,1734,1232,-502
2018-01-10,1800,1141,-659
2018-01-11,683,2293,1610
2018-01-12,1370,1588,218
2018-01-15,1370,1590,220
2018-01-16,2000,966,-1034
2018-01-17,1040,1920,880
2018-01-18,2157,826,-1331
2018-01-19,995,1969,974
2018-01-22,1075,1866,791
2018-01-23,1124,1824,700
2018-01-24,1664,1301,-363
2018-01-25,1605,1353,-252
2018-01-26,1344,1631,287
2018-01-29,2467,557,-1910
2018-01-30,2420,586,-1834
2018-01-31,1379,1599,220
2018-02-01,1662,1322,-340
2018-02-02,2728,323,-2405
2018-02-05,2739,324,-2415
2018-02-06,850,2183,1333
2018-02-07,1435,1555,120
2018-02-08,2683,342,-2341
2018-02-09,1228,1784,556
2018-02-12,812,2195,1383
2018-02-13,1280,1698,418
2018-02-14,934,2079,1145
2018-02-15,925,2068,1143
2018-02-16,1224,1745,521
2018-02-20,1979,990,-989
2018-02-21,1610,1382,-228
2018-02-22,1418,1564,146
2018-02-23,549,2430,1881
2018-02-26,998,1977,979
2018-02-27,2301,683,-1618
2018-02-28,2113,864,-1249
2018-03-01,1774,1185,-589
2018-03-02,1086,1854,768
2018-03-05,779,2174,1395
2018-03-06,923,2033,1110
2018-03-07,1408,1543,135
2018-03-08,1251,1709,458
2018-03-09,794,2183,1389
2018-03-12,1311,1616,305
2018-03-13,1771,1198,-573
2018-03-14,1703,1247,-456
2018-03-15,1844,1078,-766
2018-03-16,973,1975,1002
2018-03-19,2344,646,-1698
2018-03-20,1659,1308,-351
2018-03-21,1251,1706,455
2018-03-22,2420,572,-1848
2018-03-23,2380,600,-1780
2018-03-26,689,2317,1628
2018-03-27,2029,957,-1072
2018-03-28,1426,1536,110
2018-03-29,648,2332,1684
2018-04-02,2425,580,-1845
2018-04-03,779,2201,1422
2018-04-04,916,2033,1117
2018-04-05,790,2148,1358
2018-04-06,2315,627,-1688
2018-04-09,1515,1408,-107
2018-04-10,735,2243,1508
2018-04-11,1443,1487,44
2018-04-12,1351,1606,255
2018-04-13,1654,1273,-381
2018-04-16,814,2151,1337
2018-04-17,794,2161,1367
2018-04-18,1309,1626,317
2018-04-19,2013,906,-1107
2018-04-20,1960,979,-981
2018-04-23,1588,1331,-257
2018-04-24,1898,1050,-848
2018-04-25,1673,1288,-385
2018-04-26,981,1999,1018
2018-04-27,1256,1699,443
2018-04-30,1850,1105,-745
2018-05-01,1385,1561,176
2018-05-02,1518,1406,-112
2018-05-03,1717,1226,-491
2018-05-04,746,2239,1493
2018-05-07,1087,1871,784
2018-05-08,1446,1502,56
2018-05-09,1118,1849,731
2018-05-10,837,2126,1289
2018-05-11,1315,1627,312
2018-05-14,1551,1411,-140
2018-05-15,1890,1072,-818
2018-05-16,1030,1924,894
2018-05-17,1346,1592,246
2018-05-18,1424,1506,82
2018-05-21,896,2080,1184
2018-05-22,1769,1186,-583
2018-05-23,1402,1528,126
2018-05-24,1477,1467,-10
2018-05-25,1581,1352,-229
2018-05-29,1732,1234,-498
2018-05-30,570,2412,1842
2018-05-31,1885,1094,-791
2018-06-01,884,2092,1208
2018-06-04,1023,1929,906
2018-06-05,1201,1769,568
2018-06-06,1055,1904,849
2018-06-07,1345,1609,264
2018-06-08,1219,1741,522
2018-06-11,1318,1624,306
2018-06-12,1481,1463,-18
2018-06-13,1963,999,-964
2018-06-14,1264,1675,411
2018-06-15,1545,1403,-142
2018-06-18,1304,1657,353
2018-06-19,1686,1261,-425
2018-06-20,1153,1807,654
2018-06-21,2014,946,-1068
2018-06-22,994,1962,968
2018-06-25,2262,720,-1542
2018-06-26,1175,1800,625
2018-06-27,2130,857,-1273
2018-06-28,1194,1787,593
2018-06-29,1237,1725,488
2018-07-02,1361,1618,257
2018-07-03,1071,1858,787
2018-07-05,788,2211,1423
2018-07-06,764,2195,1431
2018-07-09,1089,1897,808
2018-07-10,1455,1515,60
2018-07-11,2113,843,-1270
2018-07-12,1142,1833,691
2018-07-13,1504,1458,-46
2018-07-16,1952,1001,-951
2018-07-17,1249,1693,444
2018-07-18,1356,1607,251
2018-07-19,1185,1771,586
2018-07-20,1547,1374,-173
2018-07-23,1683,1257,-426
2018-07-24,1609,1343,-266
2018-07-25,1114,1853,739
2018-07-26,1219,1740,521
2018-07-27,2005,953,-1052
2018-07-30,1581,1375,-206
2018-07-31,976,2010,1034
2018-08-01,1857,1112,-745
2018-08-02,1197,1749,552
2018-08-03,1219,1739,520
2018-08-06,1194,1767,573
2018-08-07,1382,1566,184
2018-08-08,1559,1350,-209
2018-08-09,1449,1469,20
2018-08-10,1946,988,-958
2018-08-13,1922,1032,-890
2018-08-14,830,2153,1323
2018-08-15,1999,976,-1023
2018-08-16,755,2206,1451
2018-08-17,896,2057,1161
2018-08-20,922,2028,1106
2018-08-21,1054,1906,852
2018-08-22,1402,1507,105
2018-08-23,1914,1025,-889
2018-08-24,878,2013,1135
2018-08-27,1128,1822,694
2018-08-28,1544,1383,-161
2018-08-29,1176,1728,552
2018-08-30,1874,1043,-831
2018-08-31,1351,1569,218
2018-09-04,1913,1052,-861
2018-09-05,1626,1316,-310
2018-09-06,1316,927,-389
2018-09-07,1984,960,-1024
2018-09-10,1120,1803,683
2018-09-11,1422,1509,87
2018-09-12,1299,1633,334
2018-09-13,1277,1679,402
2018-09-14,1418,1509,91
2018-09-17,1782,1145,-637
2018-09-18,1317,1653,336
2018-09-19,1647,1303,-344
2018-09-20,969,1998,1029
2018-09-21,1440,1471,31
2018-09-24,2005,967,-1038
2018-09-25,1650,1307,-343
2018-09-26,1858,1091,-767
2018-09-27,1306,1633,327
2018-09-28,1305,1658,353
2018-10-01,1794,1215,-579
2018-10-02,1801,1178,-623
2018-10-03,1527,1475,-52
2018-10-04,2417,625,-1792
2018-10-05,2018,990,-1028
2018-10-08,1481,1502,21
2018-10-09,1567,1412,-155
2018-10-10,2686,342,-2344
2018-10-11,2386,640,-1746
2018-10-12,1280,1729,449
2018-10-15,1224,1773,549
2018-10-16,464,2566,2102
2018-10-17,1857,1106,-751
2018-10-18,2285,707,-1578
2018-10-19,1521,1454,-67
2018-10-22,1758,1239,-519
2018-10-23,2090,929,-1161
2018-10-24,2341,682,-1659
2018-10-25,829,2178,1349
2018-10-26,2163,831,-1332
2018-10-29,1723,1275,-448
2018-10-30,899,2098,1199
2018-10-31,1205,1806,601
2018-11-01,750,2262,1512
2018-11-02,1704,1285,-419
2018-11-05,1064,1930,866
2018-11-06,1125,1867,742
2018-11-07,733,2281,1548
2018-11-08,1584,1408,-176
2018-11-09,2009,960,-1049
2018-11-12,2189,792,-1397
2018-11-13,1552,1447,-105
2018-11-14,1802,1199,-603
2018-11-15,1289,1712,423
2018-11-16,1408,1566,158
2018-11-19,2197,790,-1407
2018-11-20,2556,471,-2085
2018-11-21,777,2202,1425
2018-11-23,1613,1301,-312
2018-11-26,1092,1900,808
2018-11-27,1835,1165,-670
2018-11-28,591,2407,1816
2018-11-29,1590,1410,-180
2018-11-30,1382,1630,248
2018-12-03,793,2205,1412
2018-12-04,2543,498,-2045
2018-12-05,2542,498,-2044
2018-12-06,1845,1166,-679
2018-12-07,2042,932,-1110
2018-12-10,2024,975,-1049
2018-12-11,1649,1345,-304
2018-12-12,1043,1973,930
2018-12-13,1911,1068,-843
2018-12-14,2325,669,-1656
2018-12-17,2628,403,-2225
2018-12-18,1636,1370,-266
2018-12-19,2169,827,-1342
2018-12-20,2449,580,-1869
2018-12-21,2349,676,-1673
2018-12-24,2354,630,-1724
2018-12-26,383,2646,2263
2018-12-27,1376,1619,243
2018-12-28,1069,1935,866
2018-12-31,868,2153,1285
2019-01-02,909,2111,1202
2019-01-03,1742,1242,-500
2019-01-04,276,2732,2456
2019-01-07,650,2371,1721
2019-01-08,681,2324,1643
2019-01-09,962,2008,1046
2019-01-10,1154,1814,660
2019-01-11,1281,1675,394
2019-01-14,1873,1104,-769
2019-01-15,1070,1891,821
2019-01-16,1116,1816,700
2019-01-17,863,2104,1241
2019-01-18,774,2218,1444
2019-01-21,774,2219,1445
2019-01-22,2308,685,-1623
2019-01-23,1499,1446,-53
2019-01-24,961,2002,1041
2019-01-25,688,2271,1583
2019-01-28,1617,1340,-277
2019-01-29,1283,1647,364
2019-01-30,620,2389,1769
2019-01-31,949,2055,1106
2019-02-01,1262,1684,422
2019-02-04,959,1988,1029
2019-02-05,1079,1849,770
2019-02-06,1774,1183,-591
2019-02-07,2024,922,-1102
2019-02-08,1523,1414,-109
2019-02-11,1017,1934,917
2019-02-12,734,2218,1484
2019-02-13,1035,1907,872
2019-02-14,1356,1577,221
2019-02-15,656,2293,1637
2019-02-19,1068,1879,811
2019-02-20,1162,1784,622
2019-02-21,1785,1136,-649
2019-02-22,807,2145,1338
2019-02-25,1487,1453,-34
2019-02-26,1724,1213,-511
2019-02-27,1385,1530,145
2019-02-28,1591,1340,-251
2019-03-01,1044,1895,851
2019-03-04,1625,1291,-334
2019-03-05,1524,1382,-142
2019-03-06,2185,763,-1422
2019-03-07,2045,893,-1152
2019-03-08,1595,1311,-284
2019-03-11,617,2350,1733
2019-03-12,1199,1719,520
2019-03-13,930,2009,1079
2019-03-14,1563,1381,-182
2019-03-15,1208,1707,499
2019-03-18,955,1995,1040
2019-03-19,1763,1173,-590
2019-03-20,1618,1302,-316
2019-03-21,834,2105,1271
2019-03-22,2395,580,-1815
2019-03-25,1392,1509,117
2019-03-26,771,2165,1394
2019-03-27,1585,1341,-244
2019-03-28,931,2003,1072
2019-03-29,1124,1800,676
2019-04-01,715,2262,1547
2019-04-02,1605,1327,-278
2019-04-03,1198,1702,504
2019-04-04,1017,1912,895
2019-04-05,826,2099,1273
2019-04-08,1430,1501,71
2019-04-09,2203,737,-1466
2019-04-10,784,2161,1377
2019-04-11,1336,1591,255
2019-04-12,1060,1864,804
2019-04-15,1577,1351,-226
2019-04-16,1468,1461,-7
2019-04-17,1730,1193,-537
2019-04-18,1493,1430,-63
2019-04-22,1731,1220,-511
2019-04-23,741,2198,1457
2019-04-24,1449,1455,6
2019-04-25,1865,1044,-821
2019-04-26,953,1972,1019
2019-04-29,1168,1772,604
2019-04-30,1333,1612,279
2019-05-01,1863,1086,-777
2019-05-02,1584,1331,-253
2019-05-03,654,2283,1629
2019-05-06,1680,1220,-460
2019-05-07,2405,539,-1866
2019-05-08,1550,1359,-191
2019-05-09,1676,1223,-453
2019-05-10,1013,1911,898
2019-05-13,2493,492,-2001
2019-05-14,714,2244,1530
2019-05-15,979,1940,961
2019-05-16,904,2035,1131
2019-05-17,2143,743,-1400
2019-05-20,1923,972,-951
2019-05-21,607,2324,1717
2019-05-22,1830,1112,-718
2019-05-23,2277,672,-1605
2019-05-24,940,1973,1033
2019-05-28,1989,970,-1019
2019-05-29,1986,972,-1014
2019-05-30,1394,1561,167
2019-05-31,2046,920,-1126
2019-06-03,1044,1934,890
2019-06-04,555,2436,1881
2019-06-05,1460,1493,33
2019-06-06,1240,1708,468
2019-06-07,773,2190,1417
2019-06-10,1166,1781,615
2019-06-11,1462,1487,25
2019-06-12,1553,1379,-174
2019-06-13,834,2119,1285
2019-06-14,1729,1195,-534
2019-06-17,1317,1607,290
2019-06-18,837,2119,1282
2019-06-19,1164,1755,591
2019-06-20,808,2143,1335
2019-06-21,1847,1093,-754
2019-06-24,1809,1152,-657
2019-06-25,1966,985,-981
2019-06-26,1391,1574,183
2019-06-27,836,2134,1298
2019-06-28,803,2175,1372
2019-07-01,1224,1736,512
2019-07-02,1353,1619,266
2019-07-03,792,2112,1320
2019-07-05,1526,1441,-85
2019-07-08,1869,1076,-793
2019-07-09,1407,1530,123
2019-07-10,1116,1852,736
2019-07-11,1461,1482,21
2019-07-12,1021,1936,915
2019-07-15,1502,1433,-69
2019-07-16,1422,1524,102
2019-07-17,1844,1103,-741
2019-07-18,1331,1630,299
2019-07-19,1677,1268,-409
2019-07-22,1542,1395,-147
2019-07-23,983,1976,993
2019-07-24,822,2166,1344
2019-07-25,2159,808,-1351
2019-07-26,937,2012,1075
2019-07-29,1459,1508,49
2019-07-30,1213,1742,529
2019-07-31,1897,1085,-812
2019-08-01,1972,1024,-948
2019-08-02,1828,1163,-665
2019-08-05,2733,295,-2438
2019-08-06,938,2060,1122
2019-08-07,1603,1370,-233
2019-08-08,523,2472,1949
2019-08-09,1963,993,-970
2019-08-12,2059,916,-1143
2019-08-13,835,2144,1309
2019-08-14,2526,499,-2027
2019-08-15,1390,1580,190
2019-08-16,634,2357,1723
2019-08-19,732,2241,1509
2019-08-20,1818,1142,-676
2019-08-21,858,2108,1250
2019-08-22,1566,1390,-176
2019-08-23,2541,434,-2107
2019-08-26,989,1977,988
2019-08-27,1956,1016,-940
2019-08-28,851,2101,1250
2019-08-29,670,2305,1635
2019-08-30,1243,1668,425
2019-09-03,1833,1145,-688
2019-09-04,572,2394,1822
2019-09-05,1005,1985,980
2019-09-06,1260,1674,414
2019-09-09,1146,1825,679
2019-09-10,1230,1721,491
2019-09-11,838,2108,1270
2019-09-12,1436,1497,61
2019-09-13,1604,1362,-242
2019-09-16,1345,1593,248
2019-09-17,1387,1569,182
2019-09-18,1569,1354,-215
2019-09-19,1413,1521,108
2019-09-20,1411,1507,96
2019-09-23,1311,1622,311
2019-09-24,2029,913,-1116
2019-09-25,1034,1880,846
2019-09-26,1666,1279,-387
2019-09-27,1588,1343,-245
2019-09-30,1244,1682,438
2019-10-01,2195,761,-1434
2019-10-02,2311,638,-1673
2019-10-03,1068,1859,791
2019-10-04,722,2197,1475
2019-10-07,1821,1093,-728
2019-10-09,998,1910,912
2019-10-10,1106,1819,713
2019-10-11,708,2268,1560
2019-10-15,1050,1892,842
2019-10-16,1389,1530,141
2019-10-17,989,1930,941
2019-10-18,1493,1418,-75
2019-10-21,998,1953,955
2019-10-22,1212,1714,502
2019-10-23,1078,1847,769
2019-10-24,1570,1334,-236
2019-10-25,1272,1647,375
2019-10-28,1350,1588,238
2019-10-29,1382,1545,163
2019-10-30,1371,1547,176
2019-10-31,1818,1119,-699
2019-11-01,791,2152,1361
2019-11-04,1128,1797,669
2019-11-05,1566,1372,-194
2019-11-06,1623,1333,-290
2019-11-07,1584,1363,-221
2019-11-08,1400,1559,159
2019-11-12,1532,1394,-138
2019-11-13,1574,1365,-209
2019-11-14,1260,1675,415
2019-11-15,1104,1825,721
2019-11-18,1674,1267,-407
2019-11-19,1526,1398,-128
2019-11-20,1656,1276,-380
2019-11-21,1748,1174,-574
2019-11-22,1173,1753,580
2019-11-25,809,2146,1337
2019-11-26,1347,1585,238
2019-11-27,1087,1845,758
2019-11-29,1884,1030,-854
2019-12-02,2142,816,-1326
2019-12-03,1805,1134,-671
2019-12-04,913,2040,1127
2019-12-05,1357,1580,223
2019-12-06,750,2195,1445
2019-12-09,1450,1476,26
2019-12-10,1454,1496,42
2019-12-11,1055,1866,811
2019-12-12,1094,1888,794
2019-12-13,1411,1508,97
2019-12-16,919,2046,1127
2019-12-17,1102,1847,745
2019-12-18,1142,1829,687
2019-12-19,1176,1751,575
2019-12-20,1209,1738,529
2019-12-23,1324,1608,284
2019-12-24,1220,1635,415
2019-12-26,1124,1791,667
2019-12-27,1575,1341,-234
2019-12-30,1674,1263,-411
2019-12-31,1033,1892,859
2020-01-02,1147,1808,661
2020-01-03,1543,1387,-156
2020-01-06,1347,1557,210
2020-01-07,1652,1290,-362
2020-01-08,1197,1744,547
2020-01-09,1291,1643,352
2020-01-10,1565,1364,-201
2020-01-13,865,2053,1188
2020-01-14,1251,1678,427
2020-01-15,1289,1613,324
2020-01-16,851,2046,1195
2020-01-17,1430,1479,49
2020-01-21,1788,1160,-628
2020-01-22,1458,1452,-6
2020-01-23,1425,1459,34
2020-01-24,2081,848,-1233
2020-01-27,2331,620,-1711
2020-01-28,891,2018,1127
2020-01-29,1453,1463,10
2020-01-30,1385,1514,129
2020-01-31,2330,611,-1719
2020-02-03,1025,1906,881
2020-02-04,833,2105,1272
2020-02-05,695,2229,1534
2020-02-06,1508,1404,-104
2020-02-07,1863,1053,-810
2020-02-10,1212,1721,509
2020-02-11,921,2246,1325
2020-02-12,952,2018,1066
2020-02-13,1664,1602,-62
2020-02-14,1859,1750,-109
2020-02-18,2047,1305,-742
2020-02-19,1379,1865,486
2020-02-20,1363,1940,577
2020-02-21,2238,969,-1269
2020-02-24,2700,295,-2405
2020-02-25,2714,285,-2429
2020-02-26,1948,1013,-935
2020-02-27,2700,313,-2387
2020-02-28,2308,716,-1592
2020-03-02,542,2477,1935
2020-03-03,1946,1031,-915
2020-03-04,423,2557,2134
2020-03-05,2667,327,-2340
2020-03-06,2461,543,-1918
2020-03-09,2973,70,-2903
2020-03-10,696,2304,1608
2020-03-11,2858,169,-2689
2020-03-12,2998,67,-2931
2020-03-13,376,2646,2270
2020-03-16,2934,119,-2815
2020-03-17,1202,1817,615
2020-03-18,2853,186,-2667
2020-03-19,724,2309,1585
2020-03-20,1703,1316,-387
2020-03-23,2360,676,-1684
2020-03-24,244,2791,2547
2020-03-25,587,2422,1835
2020-03-26,369,2649,2280
2020-03-27,2355,655,-1700
